  2.405452507646117E-005
  2.405124272392858E-005
  2.405259465997245E-005
  2.405383859068866E-005
  2.405530486585497E-005
  2.405665382814183E-005
  2.405483905950886E-005
  2.405293659689224E-005
  2.405139226864013E-005
  2.404679088513555E-005
  2.404694139196118E-005
  2.405594619318389E-005
  2.405798852999042E-005
  2.405193285439083E-005
  2.405018067470196E-005
  2.405244366209373E-005
  2.405324666357802E-005
  2.405554523531500E-005
  2.405732953334942E-005
  2.405378506496552E-005
  2.405096735048407E-005
  2.405037146646085E-005
  2.404788948685701E-005
  2.400579348158453E-005
  2.399115094072086E-005
  2.402954186321306E-005
  2.405218385735021E-005
  2.405835165486873E-005
  2.405543416794649E-005
  2.405312974385746E-005
  2.405294936485017E-005
  2.405168705451703E-005
  2.405004511789431E-005
  2.405332207855200E-005
  2.405778992733349E-005
  2.405506915474321E-005
  2.405249961330992E-005
  2.405328174468853E-005
  2.405402759904942E-005
  2.405533516860012E-005
  2.405634937336142E-005
  2.405544135123288E-005
  2.405422330904408E-005
  2.405323875159644E-005
  2.404843881526105E-005
  2.400067718923536E-005
  2.399600170647835E-005
  2.403400040108432E-005
  2.405420820758125E-005
  2.405833176706060E-005
  2.405470072220449E-005
  2.405274188279948E-005
  2.405345562478543E-005
  2.405408886945285E-005
  2.405406442330569E-005
  2.405321961465258E-005
  2.405107718887806E-005
  2.404119059457606E-005
  2.403333973484257E-005
  2.405476747769362E-005
  2.402447697923108E-005
  2.398111164190391E-005
  2.398544820121830E-005
  2.399248231743038E-005
  2.401718961879639E-005
  2.403197975414971E-005
  2.401773448717965E-005
  2.398186087120286E-005
  2.397337274778762E-005
  2.394978729608746E-005
  2.399587778450350E-005
  2.404149638719004E-005
  2.404501215569707E-005
  2.400991296642422E-005
  2.396906386167562E-005
  2.398089278507441E-005
  2.398610556534187E-005
  2.402196234514822E-005
  2.403948039318844E-005
  2.402280639276788E-005
  2.399634227419719E-005
  2.399067045204562E-005
  0.221626566507132     
  0.252218550924751     
  2.391719683917509E-005
  2.402086599874951E-005
  2.404775458061701E-005
  2.404514750307541E-005
  2.402129727846283E-005
  2.399350803909013E-005
  2.398731235602497E-005
  2.398297881686570E-005
  2.397799159392716E-005
  2.402089029182458E-005
  2.404315829597465E-005
  2.402256919594181E-005
  2.398813018723481E-005
  2.399190788157937E-005
  2.399900423949761E-005
  2.401884448075392E-005
  2.402816024378484E-005
  2.402097567954739E-005
  2.400550298743945E-005
  2.398725360128468E-005
  0.260231713615594     
  0.247763807528383     
  2.393875375480303E-005
  2.402752040820069E-005
  2.404923334207722E-005
  2.404333188779558E-005
  2.401952757311768E-005
  2.399797016472283E-005
  2.399967233076488E-005
  2.400384940064247E-005
  2.400466212873642E-005
  2.400145628848665E-005
  2.396764766094577E-005
  0.194294819716568     
  2.397156655156569E-005
  2.404726619446891E-005
  2.402064446372266E-005
  0.220556167210493     
  0.255501312811841     
  0.195877847938728     
  2.397405665956309E-005
  2.401606307337639E-005
  2.399591729890563E-005
  0.201046857584425     
  0.247677854168540     
  0.255628485644471     
  2.394498380036054E-005
  2.403922536428020E-005
  2.404313720193125E-005
  2.396761563116432E-005
  0.237270005612133     
  0.236805702999536     
  0.205626940758521     
  2.399796498658002E-005
  2.403402063356886E-005
  2.399931792614543E-005
  0.200332051205256     
  0.318142566227501     
  0.380009847574187     
  0.306538000203679     
  2.393540230538940E-005
  2.402533327132362E-005
  2.404869030544849E-005
  2.402696195628513E-005
  2.396796612329625E-005
  0.178139051914000     
  0.208658377021476     
  0.239623365500234     
  0.216024952630234     
  2.400373273230015E-005
  2.404379892625930E-005
  2.399529251464822E-005
  0.209315410306092     
  0.218190412280046     
  0.172929492642613     
  2.397920740909009E-005
  2.399814696116088E-005
  2.398393522528662E-005
  0.305894565347822     
  0.410658023254929     
  0.376046177314571     
  0.265597261663311     
  2.396149794118025E-005
  2.403338513568455E-005
  2.404820933367095E-005
  2.401978056991453E-005
  2.395745288734210E-005
  0.178391345436018     
  0.184600481852872     
  0.142795951861504     
  0.142849635707406     
  0.238348965413603     
  0.323225234694118     
  0.276508295329869     
  2.397693750066620E-005
  2.404864317368205E-005
  2.404977664576908E-005
  0.222328537324898     
  0.354580335373466     
  0.343416065021614     
  0.205561317653235     
  2.399518066786447E-005
  2.553652670665208E-005
  0.302980127418656     
  0.380320848125418     
  0.318472400195781     
  2.397841607245504E-005
  2.404626778209243E-005
  2.404808735384358E-005
  2.324250729452676E-005
  0.307489404945163     
  0.347705796047692     
  0.290420528647981     
  2.401209632937120E-005
  2.402907749491941E-005
  2.399782421356217E-005
  0.461717142845615     
  0.515418874753250     
  0.411966236895447     
  0.235343880406242     
  2.396115061180947E-005
  2.403936458716580E-005
  2.405339193905140E-005
  2.400406708405089E-005
  0.199206505828121     
  0.259627772515019     
  0.319375785018009     
  0.340878611322214     
  0.229784688327215     
  2.403814407804238E-005
  2.405009702959019E-005
  2.400593254138797E-005
  0.262685858382358     
  0.298152916542143     
  0.250777520734779     
  0.172691509269866     
  0.202870850853052     
  0.516019259325763     
  0.531471893344493     
  0.463263040457887     
  0.329849944661667     
  0.195382947291876     
  2.398878652147694E-005
  2.404614794400784E-005
  2.405029443917911E-005
  2.399023366426987E-005
  0.214678083955136     
  0.245303965911069     
  0.242779708236873     
  0.243774078156390     
  0.354502628016395     
  0.416236870495616     
  0.375153584668990     
  0.225628179964152     
  2.399103892471595E-005
  2.405187299101541E-005
  2.405312182543317E-005
  2.399097301940614E-005
  0.355799743952493     
  0.456715833703568     
  0.377877896382749     
  0.187326813683921     
  0.231721793437658     
  0.431983846375565     
  0.451392071812655     
  0.276691371489125     
  2.400603177478509E-005
  2.405366571199759E-005
  2.405217813803871E-005
  2.399927452046816E-005
  0.330773503170278     
  0.445803022808780     
  0.381670442791898     
  2.402910080069136E-005
  2.401423398653550E-005
  0.538972632679007     
  0.636487132821174     
  0.514109553000445     
  0.268744442151555     
  2.395330145561694E-005
  2.400709147872080E-005
  2.405193969252665E-005
  2.405395561896332E-005
  2.400441325834716E-005
  0.256543703389961     
  0.363943664637311     
  0.437736608428847     
  0.378537213529244     
  2.400009560620968E-005
  2.404916849366500E-005
  2.405077150241897E-005
  2.401152727356324E-005
  0.279068638961118     
  0.343945753642940     
  0.355526802636794     
  0.565547855088650     
  0.770538051605004     
  0.663207368051099     
  0.510260206257081     
  0.333045228602038     
  0.201998608747674     
  2.398036134015723E-005
  2.402869628363898E-005
  2.405528768415369E-005
  2.404838337285132E-005
  2.399423784741911E-005
  0.265820609844779     
  0.315705450451151     
  0.360017333936873     
  0.494361294756977     
  0.516327319575483     
  0.445073667714631     
  0.295258314432715     
  0.164700027159262     
  2.399830143441380E-005
  2.405346664635165E-005
  2.405332455282897E-005
  2.400238808140274E-005
  0.229173762414441     
  0.485423845696099     
  0.526568653837771     
  0.377654862423499     
  0.401295835130503     
  0.517007608835076     
  0.435055914257458     
  2.397863078912632E-005
  2.402966704548790E-005
  2.405743501618497E-005
  2.405427469284527E-005
  2.401713962033295E-005
  0.267017914663186     
  0.536895584071177     
  0.531914031517839     
  2.402113895209441E-005
  0.612978214226276     
  0.720788346854778     
  0.608961257942593     
  0.293059194330882     
  0.203312105947741     
  2.397236942678949E-005
  2.403486473694720E-005
  2.405844796764888E-005
  2.404891702867534E-005
  2.400355075224179E-005
  0.304568954635640     
  0.487867530658078     
  0.524088612192213     
  0.309980597614483     
  2.403515180697198E-005
  2.405286495415200E-005
  2.404781022636793E-005
  2.401799956843419E-005
  0.300500794014295     
  0.573088613769081     
  0.820215896724097     
  0.789044176174892     
  0.782745876475557     
  0.502525735204885     
  0.335435070564396     
  0.227937068742031     
  2.397044752192476E-005
  2.402777912999226E-005
  2.405182555148524E-005
  2.405587525967507E-005
  2.404118761284991E-005
  2.400358413251028E-005
  0.312450491264172     
  0.524894254014347     
  0.699164697574875     
  0.650207183203979     
  0.517503667887611     
  0.356083962450312     
  0.243524296781368     
  0.161855557646773     
  2.399985204834227E-005
  2.405367124399089E-005
  2.405255301921073E-005
  2.399853971650459E-005
  0.185267608531149     
  0.390324232452389     
  0.587240251406933     
  0.586861440506603     
  0.554497816767974     
  0.549157286175652     
  0.302765038506693     
  2.400276513264105E-005
  2.404214206594267E-005
  2.405838715270729E-005
  2.405400302885073E-005
  2.403267210206023E-005
  2.399519102240497E-005
  0.490187876980596     
  0.548508487128618     
  0.686645046172824     
  0.791050389222301     
  0.654430468137347     
  0.239611696975755     
  0.157276237190395     
  2.395800579036949E-005
  2.400765486530289E-005
  2.404944820129489E-005
  2.405888342527503E-005
  2.403446249985164E-005
  2.398683738931434E-005
  0.364006873447084     
  0.601479212492009     
  0.594821743910694     
  2.401510207514436E-005
  2.404655586337579E-005
  2.405019599546347E-005
  2.403606025328233E-005
  2.402137741743493E-005
  0.786688417545592     
  0.999536192842845     
  0.886601608817242     
  0.579275417100267     
  2.400276844690222E-005
  2.401193613167672E-005
  2.399263804631310E-005
  2.398763645635392E-005
  2.402647926053453E-005
  2.405158993244335E-005
  2.405647706218843E-005
  2.404502600595253E-005
  2.402162918143988E-005
  2.400780071836921E-005
  0.747082862603852     
  0.969023893178185     
  0.811255791679956     
  0.595523038233902     
  0.430017916172322     
  0.324846704937358     
  0.250594738689851     
  0.186209920155857     
  2.399758914442262E-005
  2.405292905712389E-005
  2.405449510638155E-005
  2.402226629996211E-005
  2.399605071554899E-005
  2.402767234808905E-005
  0.528757544238409     
  0.742467908492144     
  0.714483317180021     
  0.578829198017251     
  2.398808298167598E-005
  2.402378060617412E-005
  2.404865735124510E-005
  2.405634666738873E-005
  2.404900071431975E-005
  2.403304506987861E-005
  2.401487036982264E-005
  0.546448572045424     
  0.838338035524650     
  0.921664671306397     
  0.726201571533022     
  0.309469298947959     
  0.218706747890553     
  2.395617502490406E-005
  2.400355663132571E-005
  2.403762073529716E-005
  2.405793839964924E-005
  2.405564744227986E-005
  2.401544209309106E-005
  0.173617297602209     
  0.434897330184018     
  0.631039233363918     
  0.593850749611322     
  2.402907225087248E-005
  2.404771717111212E-005
  2.404055543316034E-005
  2.400921475805430E-005
  0.883004261121065     
  0.999926277175746     
  0.994870963348340     
  0.438327449354460     
  0.267924221714671     
  0.174977699742000     
  2.401977654743748E-005
  2.403923151352006E-005
  2.404845260954094E-005
  2.405565504037525E-005
  2.405679643936545E-005
  2.404515678268577E-005
  2.401886441588141E-005
  2.397828358700886E-005
  0.855550651212826     
  0.999919623961855     
  0.999508134615923     
  0.584692328940274     
  0.444495658554171     
  0.375141251806563     
  0.311297488410330     
  0.242782782597320     
  0.175494302292746     
  2.399704767443490E-005
  2.405221443075740E-005
  2.405689482329424E-005
  2.403406742769621E-005
  2.401226589111804E-005
  2.402013375425812E-005
  2.408828650380698E-005
  0.825279468064860     
  0.866947115746942     
  0.628619126949232     
  2.399964856085136E-005
  2.403356741749189E-005
  2.404985410669023E-005
  2.404949676303719E-005
  2.403531506005780E-005
  2.401474196775663E-005
  2.401033219731190E-005
  0.999566829063355     
  0.999943156412327     
  0.875522806688145     
  0.369552273914014     
  0.287600674448778     
  0.219166536482747     
  2.395795078297063E-005
  2.402601511531629E-005
  2.405183180011177E-005
  2.406026008680559E-005
  2.405243143137187E-005
  2.402091048768484E-005
  0.177612050951985     
  0.503190531316579     
  0.670904681620067     
  0.613101383671275     
  2.403543587540141E-005
  2.404556914588868E-005
  2.402286641475522E-005
  0.952443778556193     
  0.999959966023161     
  0.955556340794536     
  2.400101761350666E-005
  2.400397653725794E-005
  2.398051350536856E-005
  2.397984118781455E-005
  2.403196765020075E-005
  2.405375908391547E-005
  2.405854269892568E-005
  2.405517057827815E-005
  2.404361156582293E-005
  2.401840115658386E-005
  2.397441985722674E-005
  0.931229375381515     
  0.999952840067915     
  0.971365878506275     
  2.400805901359106E-005
  2.401199776723301E-005
  2.399039068376225E-005
  0.206471196429336     
  0.226870169565574     
  0.188214562194801     
  2.397185873800681E-005
  2.402132914537700E-005
  2.405454902838273E-005
  2.405622116248747E-005
  2.402580077412079E-005
  2.395644944942503E-005
  0.168295570001402     
  2.400810169142927E-005
  0.764953668460549     
  0.890478556906393     
  0.719356814390189     
  2.400152505922615E-005
  2.403731830320685E-005
  2.404688420654224E-005
  2.403659251264128E-005
  2.400940040256568E-005
  2.396966729781374E-005
  0.999734487937321     
  0.999974499476368     
  0.946169095276460     
  2.402823020786089E-005
  2.399489282953568E-005
  0.168896404626210     
  2.393416582322112E-005
  2.400091122062455E-005
  2.404461680722746E-005
  2.405797385188317E-005
  2.405674034112283E-005
  2.404846483952671E-005
  2.403012266370126E-005
  2.398720446649998E-005
  0.543162763949477     
  0.713165556051933     
  0.651653877609675     
  2.403714644791160E-005
  2.402740516914604E-005
  0.999428814913637     
  0.999973824582969     
  0.999996467242815     
  0.268162413569610     
  0.175704393973479     
  2.401454033264411E-005
  2.403476209979792E-005
  2.404552602402380E-005
  2.405556486200144E-005
  2.405725879974721E-005
  2.404826140373098E-005
  2.403465797986779E-005
  2.401748159197144E-005
  2.397692229079307E-005
  0.983808327635708     
  0.999969629368775     
  0.978054434074947     
  2.396483799496109E-005
  2.401378204954683E-005
  2.403438727578162E-005
  2.403861559383621E-005
  2.403527005931992E-005
  2.402611926879439E-005
  2.401780828170241E-005
  2.402922915974941E-005
  2.404294556760512E-005
  2.405806148659546E-005
  2.405509369438694E-005
  2.401656238996720E-005
  2.392226646811126E-005
  0.261696621625134     
  0.319782261956730     
  0.711371012916660     
  0.907569640507265     
  0.798615873507746     
  2.401296291335841E-005
  2.404078478232573E-005
  2.404077536886653E-005
  2.401737534291730E-005
  2.396969347254812E-005
  0.990186375955822     
  0.999976063444637     
  0.999532751833849     
  2.400190669117143E-005
  2.401390638581123E-005
  2.402083205998968E-005
  2.401834781056432E-005
  2.402196762490098E-005
  2.404325841291096E-005
  2.405665194823246E-005
  2.405186075695160E-005
  2.404066947220446E-005
  2.403673482567200E-005
  2.403240377535792E-005
  2.401006498550382E-005
  0.560417715202160     
  0.685434578072317     
  0.624026137454618     
  0.533181604810809     
  0.999889905573219     
  0.999979009583679     
  0.999785528235639     
  2.399103158574864E-005
  2.398229084706855E-005
  2.397640987799630E-005
  2.402763209442705E-005
  2.405112783645601E-005
  2.405791264361642E-005
  2.405546277206023E-005
  2.404082502527530E-005
  2.400870845426399E-005
  2.398023443084169E-005
  2.398149294160262E-005
  0.999746673396202     
  0.999978018850693     
  0.999996866867379     
  2.395664283807369E-005
  2.400520901381729E-005
  2.403594865667554E-005
  2.405147635563543E-005
  2.405758464735885E-005
  2.405960788154839E-005
  2.405881190439943E-005
  2.405264599425753E-005
  2.404040503806099E-005
  2.404037901212776E-005
  2.405462800740848E-005
  2.405505144012464E-005
  2.401553439650778E-005
  2.392551110911554E-005
  0.252194061859144     
  0.362446629277162     
  0.709401545805358     
  0.972082606179146     
  0.885213437709097     
  2.402838195385669E-005
  2.404243283062470E-005
  2.403130576762023E-005
  2.398844110211201E-005
  0.960041989248006     
  0.999972496325220     
  0.999836855870901     
  0.423879767767857     
  0.266988898601393     
  0.202484316790615     
  2.398724268645909E-005
  2.403035826706993E-005
  2.404655281177990E-005
  2.405711384077187E-005
  2.405314170648972E-005
  2.401449218764913E-005
  2.397254650922930E-005
  2.400031778874043E-005
  2.402541686837868E-005
  2.402483940108155E-005
  0.613900103054787     
  0.813720012848764     
  0.848988248618047     
  0.999671743573221     
  0.999976534566435     
  0.999559310052716     
  2.396290304151349E-005
  2.400854578370711E-005
  2.403149111349747E-005
  2.404311919544971E-005
  2.405344669466424E-005
  2.405742664098296E-005
  2.405252216589704E-005
  2.403823591739425E-005
  2.400719845022537E-005
  2.394798212180515E-005
  0.235559613032747     
  0.999895963549545     
  0.999982618930795     
  0.999735007054555     
  2.396236255892770E-005
  2.400616002566738E-005
  2.403517042312750E-005
  2.405224862144505E-005
  2.405871327445655E-005
  2.405738118329544E-005
  2.405108773762085E-005
  2.403684966721403E-005
  2.401029065982108E-005
  2.395879355090290E-005
  2.399429247983608E-005
  2.404402007155554E-005
  2.405560587662628E-005
  2.402341901720249E-005
  2.394736979158576E-005
  0.208483048520414     
  0.303094057688495     
  0.674190984781594     
  0.999906059851013     
  0.999638803600795     
  2.403413117248540E-005
  2.403904877218518E-005
  2.401495230696917E-005
  0.921268850309855     
  0.999965984766358     
  0.999943816902752     
  0.766126160595959     
  0.387458291568429     
  0.308613603669855     
  0.214239531651622     
  2.396862146991006E-005
  2.403443785551031E-005
  2.405444859411980E-005
  2.405779692984623E-005
  2.404413835340149E-005
  2.396281982554351E-005
  0.241294333986988     
  0.209950197711963     
  2.400169743511535E-005
  2.403217698484858E-005
  0.992297182816182     
  0.999933684103343     
  0.999930118752055     
  0.999960469753453     
  0.963368494314889     
  2.396853871200789E-005
  2.400983853313963E-005
  2.403585212397757E-005
  2.405034100836443E-005
  2.405622270893887E-005
  2.405514166671555E-005
  2.404545894330788E-005
  2.403079167540959E-005
  2.401061435643319E-005
  2.396346918584501E-005
  0.524349170005971     
  0.999942785256177     
  0.999985106254074     
  0.999886689484877     
  2.397566996737952E-005
  2.401264441557831E-005
  2.403688964332406E-005
  2.405160154069709E-005
  2.405627508182283E-005
  2.405066094417957E-005
  2.403421407486778E-005
  2.401218201335709E-005
  2.398346498403568E-005
  0.268848872280593     
  0.267219528685328     
  2.393811088448211E-005
  2.404318831501328E-005
  2.405494210288324E-005
  2.403397167377914E-005
  2.400104080250654E-005
  2.397286734211196E-005
  0.197809308507666     
  0.513322038848975     
  0.999752966682796     
  0.999890337367492     
  0.633130388846311     
  2.402411090100868E-005
  0.860678008714369     
  0.999956869543351     
  0.999968592092828     
  0.896061885218365     
  2.401824977251747E-005
  0.247974674683557     
  0.247347463661888     
  2.391946201880895E-005
  2.400402838174376E-005
  2.404663094819508E-005
  2.405657105973195E-005
  2.405170825963462E-005
  2.403736877493782E-005
  2.399066101087622E-005
  0.292742860350716     
  0.339522442652697     
  0.213334400625296     
  0.960014547725502     
  0.999970790905158     
  0.999967744986389     
  0.999952142815290     
  0.913030019374875     
  2.398390577355095E-005
  2.401853477667790E-005
  2.403929842223451E-005
  2.405080763187584E-005
  2.405445363691752E-005
  2.405054679699290E-005
  2.403800336933270E-005
  2.400840842547445E-005
  2.398136140590608E-005
  2.398010610052697E-005
  0.755727192413880     
  0.999923766250354     
  0.999984123712054     
  0.999902063550377     
  2.399445365116484E-005
  2.402285069573983E-005
  2.404007614148968E-005
  2.405063072762895E-005
  2.405334074598335E-005
  2.404585691202627E-005
  2.402633412320067E-005
  2.399416566236058E-005
  0.198386171870968     
  0.366322415667171     
  0.393810119985761     
  0.284692004333024     
  2.396902209665659E-005
  2.404926127172512E-005
  2.404938554893432E-005
  2.403273278638637E-005
  2.402831519788585E-005
  2.402959606245049E-005
  2.402137554157702E-005
  2.402221565736437E-005
  0.989871726232052     
  0.999897483312200     
  0.758321723262812     
  0.774831363233482     
  0.999911894020479     
  0.999974667113354     
  0.999704365429971     
  2.399552963686921E-005
  2.402280736205490E-005
  2.402219592463016E-005
  2.398481596777073E-005
  2.401147009683807E-005
  2.404254105222955E-005
  2.405508972242175E-005
  2.404803642538451E-005
  2.403479631159699E-005
  2.402962304400594E-005
  2.401867772380188E-005
  0.208133098811331     
  0.417491346068104     
  0.954789983311939     
  0.999971051613588     
  0.999974431338213     
  0.999964962542925     
  0.919583934542668     
  2.400075734882630E-005
  2.402944560620942E-005
  2.404460457704579E-005
  2.405037520089483E-005
  2.404921901716289E-005
  2.404229176978731E-005
  2.402893597424427E-005
  2.401056461587158E-005
  2.395585055445150E-005
  0.221874141486755     
  0.901366170222196     
  0.999951795450663     
  0.999978769584147     
  0.999794147657887     
  2.401671874538836E-005
  2.403519242236555E-005
  2.404344953597010E-005
  2.404782328959057E-005
  2.404805127987088E-005
  2.404143939721363E-005
  2.402133860084742E-005
  2.398048127306966E-005
  1.170236442991373E-002
  0.516356591049014     
  0.556929773403180     
  0.407472487780159     
  0.218686339753083     
  2.398023924900760E-005
  2.405225863452222E-005
  2.403805043795894E-005
  2.399642968528282E-005
  2.400385918321174E-005
  2.403325958366795E-005
  2.404093564414139E-005
  2.402475296855825E-005
  0.887261881853330     
  0.999758093233275     
  0.945902044098971     
  0.999549255943316     
  0.999966034116221     
  0.999816398898535     
  0.443357960580515     
  0.173639326036881     
  2.399824633692013E-005
  2.403218858645502E-005
  2.404152611830242E-005
  2.404963126516741E-005
  2.405605743997785E-005
  2.404940625170206E-005
  2.401225766125481E-005
  2.396961641918047E-005
  2.399697372311532E-005
  2.402019140401055E-005
  2.401852835983384E-005
  0.999873727312264     
  0.999978536299574     
  0.999977897605721     
  0.999973990921037     
  0.962396843143859     
  2.401603509268212E-005
  2.403911133346497E-005
  2.404927628521579E-005
  2.404928709723470E-005
  2.404014634268872E-005
  2.402905917850590E-005
  2.401204646965193E-005
  2.397714412957323E-005
  2.397710692488184E-005
  0.677950932156980     
  0.999802186483829     
  0.999969103719323     
  0.999972172388745     
  0.999871724825512     
  2.403752690379212E-005
  2.404579130739922E-005
  2.404420990352402E-005
  2.404025506484170E-005
  2.403597077116527E-005
  2.403053881802488E-005
  2.402125879836436E-005
  2.399075792494843E-005
  0.222652084470993     
  0.601922966442621     
  0.654337829779418     
  0.537984987360709     
  0.284437505030553     
  0.195741162237830     
  2.398760828330992E-005
  2.405269875121248E-005
  2.403491959126846E-005
  2.390425069550871E-005
  0.238278912517940     
  2.397377445349008E-005
  2.403793469607908E-005
  2.403032869526775E-005
  0.904929041690239     
  0.999932294324559     
  0.999929995797905     
  0.999950867954838     
  0.999943804646523     
  0.820282491054516     
  0.259880646429279     
  0.189258278490984     
  2.398382168281871E-005
  2.403567121989932E-005
  2.405224018758584E-005
  2.405620815019231E-005
  2.405150655829457E-005
  2.403819722873966E-005
  2.397229212422837E-005
  0.225181349233866     
  0.218375801337963     
  2.399293235108882E-005
  0.999657001632568     
  0.999981595757746     
  0.999981456168898     
  0.999979674274084     
  0.999977906863544     
  2.402986189683796E-005
  2.404631302128001E-005
  2.405174537198897E-005
  2.404742158929250E-005
  2.403000116344178E-005
  2.398961260558459E-005
  2.398669142219139E-005
  2.398729486826679E-005
  0.749796645533490     
  0.999825833112827     
  0.999952956035266     
  0.999974095965349     
  0.999958400657678     
  0.975442733944028     
  2.404190321259090E-005
  2.404564033934964E-005
  2.403470055392954E-005
  2.402088627938333E-005
  2.400766266591796E-005
  2.400086403993145E-005
  2.399472579527712E-005
  2.932401803395343E-006
  0.533171107409200     
  0.736727154541553     
  0.703065747927993     
  0.541272662854998     
  2.402473135074111E-005
  2.401687720497968E-005
  2.399792462188122E-005
  2.402057912355826E-005
  2.405485837895439E-005
  2.404483500862945E-005
  2.395555867148045E-005
  0.333899481901457     
  0.371227173570233     
  2.402053104973538E-005
  2.404198993842323E-005
  0.983326692792846     
  0.999971514063941     
  0.999969925594624     
  0.999971611830010     
  0.999896921414954     
  0.602969800181073     
  0.212878160313914     
  2.395196849073392E-005
  2.401191145345954E-005
  2.404606658463599E-005
  2.405432374152441E-005
  2.404597594318112E-005
  2.403177617496355E-005
  2.402430288191877E-005
  2.399098652668999E-005
  0.245048881826861     
  0.292637148261775     
  0.998113771371403     
  0.999978292205176     
  0.999981727917848     
  0.999983992292005     
  0.999825344730534     
  2.404104100302864E-005
  2.405162383136583E-005
  2.405054728577171E-005
  2.404395065181760E-005
  2.402274250301847E-005
  2.400702698808791E-005
  0.651026113530632     
  0.893935247487911     
  0.999962536553561     
  0.999975058143532     
  0.999982865677562     
  0.999978100415339     
  0.999964528436238     
  0.999723218560232     
  0.865423860889313     
  0.953204188928384     
  0.941745917513075     
  0.935279898178774     
  0.927846754528266     
  0.927167145633801     
  0.956964390627006     
  0.999319884904949     
  0.999942057754904     
  0.983260321406492     
  0.863234272916204     
  0.556957123192883     
  2.402052634174420E-005
  2.402809801417273E-005
  2.401688880775271E-005
  2.402230120374504E-005
  2.403475172081229E-005
  2.405692756099973E-005
  2.405240050275917E-005
  2.398853458031356E-005
  0.251372586406337     
  0.444021808141515     
  0.456090189053709     
  2.403239785630718E-005
  0.999952118681180     
  0.999983951629743     
  0.999979199084952     
  0.999978506884128     
  0.999706440114445     
  2.400572747223339E-005
  2.399333936804162E-005
  2.401743401886281E-005
  2.404149444772421E-005
  2.405291671883436E-005
  2.404664258170715E-005
  2.400859068387009E-005
  2.396517479098397E-005
  2.399274606173785E-005
  2.401134953017803E-005
  0.262625623144359     
  0.999996186118471     
  0.999974631681937     
  0.999977484675608     
  0.999982325173678     
  0.999955364157256     
  2.403589205699553E-005
  2.405266971555928E-005
  2.404228792177616E-005
  2.403086222613013E-005
  2.402223532792765E-005
  0.756938473935829     
  0.999836594618354     
  0.999954592603725     
  0.999975104759912     
  0.999986796352341     
  0.999985742756477     
  0.999985189258207     
  0.999979063452691     
  0.999966528448360     
  0.999920809063105     
  0.999783008681114     
  0.999965109510813     
  0.999959280830612     
  0.999949049215193     
  0.999930357036877     
  0.999814538724561     
  0.999507138182235     
  0.999744232262828     
  0.999927563258987     
  0.913164288963746     
  0.756117194229996     
  0.647926257302598     
  0.557367291064681     
  0.307943230071086     
  0.198259341766004     
  2.397236506166890E-005
  2.401751507852743E-005
  2.405499990688199E-005
  2.405545606984939E-005
  2.402283854546514E-005
  2.398997212113089E-005
  0.330476935334623     
  0.523281991757880     
  0.719569751969208     
  0.999952199211187     
  0.999981141030755     
  0.999980791618314     
  0.999967625382259     
  0.851041778480811     
  2.398576266459436E-005
  2.402581360742016E-005
  2.404211285235121E-005
  2.405149520116719E-005
  2.404949629853799E-005
  2.403677363163864E-005
  2.396737862420440E-005
  0.237112311371809     
  0.205260057473188     
  2.400638762230099E-005
  0.999808255558759     
  0.999977120038562     
  0.999973562885610     
  0.999970239014250     
  0.999848937813592     
  0.678246988398183     
  2.404617566657848E-005
  2.404121609379289E-005
  0.707423142769182     
  0.938681428215600     
  0.999968549383735     
  0.999976030193345     
  0.999983458084746     
  0.999982504822373     
  0.999982460002888     
  0.999984890886872     
  0.999986699649692     
  0.999989901278005     
  0.999980417697943     
  0.999952903793243     
  0.999448213492848     
  0.945386408230819     
  0.986034296267891     
  0.954450747777191     
  0.927150198999375     
  0.899578411212322     
  0.819466208921153     
  0.667673528968381     
  0.409562502799147     
  2.402658256373964E-005
  2.403498078603558E-005
  2.401569839979494E-005
  0.499018368700209     
  0.570943542372567     
  0.463299769618046     
  0.298801327417228     
  0.190323124166370     
  2.399169878064907E-005
  2.405344192867751E-005
  2.405417454236027E-005
  2.403757952682373E-005
  2.403144278782789E-005
  2.401536958732462E-005
  0.433619260917878     
  0.965615340372538     
  0.999975239045136     
  0.999982746461658     
  0.999983597247597     
  0.999960571264873     
  0.650056859238039     
  2.397851001734248E-005
  2.403344986689270E-005
  2.404901796092388E-005
  2.404673336394339E-005
  2.403305806991450E-005
  2.402355819115839E-005
  2.400099562845113E-005
  0.291074652140146     
  0.589022200342265     
  0.999940057039252     
  0.999982143761050     
  0.999976957953674     
  0.999969173491072     
  0.999934002061991     
  0.915371645723015     
  0.773814528576676     
  0.942936924076081     
  0.999959207153958     
  0.999969545445891     
  0.999979330119269     
  0.999987720919861     
  0.999985417941661     
  0.999983890942956     
  0.999982088995312     
  0.999981260665670     
  0.999983058889898     
  0.999986729978185     
  0.999983340118453     
  0.999628790977447     
  0.888785960505490     
  0.697724266664967     
  0.488234770611203     
  2.402732585722465E-005
  2.403074786248282E-005
  2.402037194936559E-005
  2.400359696072797E-005
  0.336828795464726     
  0.399885979652700     
  0.351677188807696     
  0.223058165029014     
  2.402377889263656E-005
  2.403636340190832E-005
  2.400460812356011E-005
  0.346784140275383     
  0.421399203809574     
  0.353507496055443     
  0.236645784448013     
  2.398816570142013E-005
  2.405311410257997E-005
  2.404615320502212E-005
  2.401917589358013E-005
  2.402186484063478E-005
  2.403884009246320E-005
  2.403368815827433E-005
  0.999956263435994     
  0.999987821676105     
  0.999986688263065     
  0.999987164481249     
  0.999958749339314     
  2.400009751550678E-005
  2.401960382388900E-005
  2.404390028755526E-005
  2.404826569072516E-005
  2.402331958646185E-005
  2.397364015481595E-005
  2.398355264651372E-005
  2.400629337986575E-005
  0.915791826004222     
  0.999949050271076     
  0.999983453064249     
  0.999980606558751     
  0.999976110277207     
  0.999967559748965     
  0.999936319912910     
  0.999574793043743     
  0.999820011164643     
  0.999971879374497     
  0.999985727987590     
  0.999984546774078     
  0.999984491070059     
  0.999985882957705     
  0.999985256449142     
  0.999984329510938     
  0.999980531309781     
  0.999976494506680     
  0.999959834123385     
  0.996264669020821     
  2.403313594908528E-005
  2.404152143159408E-005
  2.402509638967906E-005
  0.329839457349356     
  0.403024825959294     
  0.332839924037024     
  2.399900031984476E-005
  2.403378797878321E-005
  2.401572215128357E-005
  0.182518486840895     
  0.233995247485977     
  0.275377028995853     
  0.239930166869814     
  2.397355334562776E-005
  2.403431350139106E-005
  2.402929274650017E-005
  2.399522114903948E-005
  0.198836305407327     
  0.264629938435705     
  0.219439195863935     
  2.398617354437938E-005
  2.405283762456970E-005
  2.403932705892285E-005
  2.396354402100387E-005
  0.176795736905256     
  2.398396858833491E-005
  2.402350725180331E-005
  0.999987711907789     
  0.999992198169554     
  0.999988334854001     
  0.999982849755472     
  0.971998113632797     
  2.400726714958148E-005
  2.403587486285507E-005
  2.404737315120425E-005
  2.404517809923814E-005
  2.400738262799595E-005
  0.205024491289004     
  0.621849148725330     
  0.999937147001284     
  0.999979449422300     
  0.999982259708421     
  0.999981764292917     
  0.999979837980453     
  0.999976650040015     
  0.999971699888062     
  0.999964152720831     
  0.999960226028197     
  0.999970628943318     
  0.999978412582035     
  0.999983266887649     
  0.999984549570662     
  0.999985063790729     
  0.999985843013269     
  0.999985375172810     
  0.999986802397883     
  0.999971480781272     
  0.999712893243907     
  0.780911840302776     
  2.401780018807447E-005
  2.403212579411269E-005
  2.404402422920120E-005
  2.404384223345594E-005
  2.401307627737398E-005
  0.236503088885882     
  0.302080904216201     
  0.212324388862504     
  2.401262563566726E-005
  2.402257612081950E-005
  2.398755005381489E-005
  2.396061000783789E-005
  2.394673354360228E-005
  2.393608580161976E-005
  2.400115294304826E-005
  2.404245274894022E-005
  2.404853075322019E-005
  2.404153667146738E-005
  2.403290150647905E-005
  2.402363453179650E-005
  2.400425826814029E-005
  2.402718156842248E-005
  2.405617310858787E-005
  2.404199723861992E-005
  2.396630260172538E-005
  0.267463070490146     
  0.248067985309485     
  0.999907662870112     
  0.999988761492327     
  0.999988969100186     
  0.999988074527291     
  0.999978910287231     
  0.764372190301102     
  2.402127708462894E-005
  2.404265402340391E-005
  2.404193987917194E-005
  2.403493184458121E-005
  2.401854757293310E-005
  0.930352881165756     
  0.999956238476661     
  0.999984528785486     
  0.999983035809723     
  0.999982219917198     
  0.999981296480354     
  0.999979817521052     
  0.999977798219236     
  0.999975400474149     
  0.999973273697849     
  0.999973375536385     
  0.999976579835883     
  0.999980234504435     
  0.999983339361756     
  0.999985250265982     
  0.999985350801184     
  0.999986986903015     
  0.999975477939057     
  0.999966261387922     
  0.919024792573616     
  0.701623407997915     
  0.557146646860502     
  0.524608142703687     
  0.220467612327313     
  2.400230673929015E-005
  2.402870229636104E-005
  2.402864866105156E-005
  2.399374416047509E-005
  2.395475369996416E-005
  2.393213573473038E-005
  2.400956512118455E-005
  2.403696979621995E-005
  2.403620962071674E-005
  2.403090197982946E-005
  2.403025162925134E-005
  2.403671433005055E-005
  2.404851195379734E-005
  2.405808736620989E-005
  2.406042188969939E-005
  2.406055201430352E-005
  2.406084496775946E-005
  2.405886337873964E-005
  2.405262790051416E-005
  2.404760070788953E-005
  2.405757615938178E-005
  2.404802286256921E-005
  2.400840193172074E-005
  0.300719963543597     
  0.756575841777635     
  0.999963737893920     
  0.999985629413350     
  0.999987125371394     
  0.999989317142831     
  0.999976151285767     
  2.403356642155174E-005
  2.404239422800892E-005
  2.403879285629106E-005
  2.401535887622690E-005
  2.399584201337455E-005
  0.999931982966744     
  0.999981833406666     
  0.999984155543557     
  0.999984063945856     
  0.999983196738463     
  0.999982259210866     
  0.999981245908301     
  0.999980085205806     
  0.999978872142734     
  0.999977862750847     
  0.999977492080246     
  0.999978231190420     
  0.999979905860238     
  0.999981693922164     
  0.999984146489875     
  0.999987367070183     
  0.999975565010740     
  0.999959338567422     
  0.778104906964670     
  2.400318610678964E-005
  2.402604981033900E-005
  2.400330217813882E-005
  0.281735603069320     
  0.491284317106388     
  0.410807675853399     
  0.227249375447297     
  2.398827454791634E-005
  2.402950615828444E-005
  2.403339620140410E-005
  2.403130305226200E-005
  2.403597473693504E-005
  2.404710626812372E-005
  2.405526583380532E-005
  2.405747545263279E-005
  2.405756633693223E-005
  2.405806934141005E-005
  2.405946767363776E-005
  2.405962500324147E-005
  2.405618036573302E-005
  2.404959209695468E-005
  2.404374301793408E-005
  2.404031829218078E-005
  2.403494886252875E-005
  2.402100891582159E-005
  2.401735451135644E-005
  2.404826111770562E-005
  2.404641672942034E-005
  2.401595618627436E-005
  2.400696015385392E-005
  0.999953439053639     
  0.999985918224516     
  0.999984811198130     
  0.999983643989605     
  0.999981118785379     
  0.999556554978859     
  2.404154185301113E-005
  2.403480460521362E-005
  2.402032998884157E-005
  0.868715135085209     
  0.999983577066190     
  0.999989794298950     
  0.999986876475858     
  0.999985407526795     
  0.999984409241290     
  0.999983360092068     
  0.999982288427902     
  0.999981237371651     
  0.999980278943898     
  0.999979575263652     
  0.999979357977645     
  0.999979841720352     
  0.999981018149921     
  0.999982305052563     
  0.999982128823778     
  0.999982122291363     
  0.999969130481687     
  0.776395081558268     
  2.401033701675637E-005
  0.291498624949584     
  0.218469477548005     
  2.401279078224616E-005
  2.402228374395083E-005
  2.400038729748734E-005
  2.396622138415111E-005
  0.337783343271710     
  0.276861178279915     
  2.394852168812708E-005
  2.402896353768284E-005
  2.404750642676210E-005
  2.405419450872614E-005
  2.405721634780610E-005
  2.405778689439337E-005
  2.405627913743382E-005
  2.405479821520890E-005
  2.405504906367361E-005
  2.405625015930679E-005
  2.405446919342199E-005
  2.404414040310324E-005
  2.402795215218476E-005
  2.400337105253747E-005
  2.397284748824325E-005
  2.397051876897433E-005
  2.392341444523262E-005
  0.229921392828674     
  2.392804200009433E-005
  2.404118269844694E-005
  2.404371701844391E-005
  2.398755029721954E-005
  0.773717529793666     
  0.999975172203541     
  0.999985515032719     
  0.999984194545818     
  0.999980186391697     
  0.999947746052206     
  0.864776771471981     
  0.776318654047692     
  0.985451120727764     
  0.999981768243116     
  0.999986378816527     
  0.999991355230039     
  0.999989341788065     
  0.999987496323480     
  0.999985993917335     
  0.999984697862449     
  0.999983437745038     
  0.999982194758501     
  0.999981045823278     
  0.999980153662722     
  0.999979748341370     
  0.999980051962649     
  0.999981200202675     
  0.999983138137615     
  0.999985490814684     
  0.999951151264431     
  0.925040308527635     
  2.399389158272381E-005
  0.179891297948657     
  2.397924197951860E-005
  2.400105245133099E-005
  2.395387323863039E-005
  2.401298835072993E-005
  2.403710978682276E-005
  2.403730725278278E-005
  2.402937384519740E-005
  2.401426388079519E-005
  2.396835746063651E-005
  2.400497762477322E-005
  2.404207851226396E-005
  2.405452147035655E-005
  2.405632514018355E-005
  2.405073135065434E-005
  2.403911873279680E-005
  2.402554292947635E-005
  2.401868994523153E-005
  2.402334545747831E-005
  2.403491873956794E-005
  2.403611690256457E-005
  2.400251501384013E-005
  2.395735943812373E-005
  2.394756292072865E-005
  0.198963316266894     
  0.266938552248098     
  0.357693503634669     
  0.305969797316833     
  2.396124422392133E-005
  2.404648199682726E-005
  2.404234857919970E-005
  2.402285523016820E-005
  0.999870562976985     
  0.999987196869399     
  0.999987564653788     
  0.999985537741587     
  0.999980323795092     
  0.999958771455439     
  0.999703921809771     
  0.999942960447356     
  0.999980924046849     
  0.999990452061793     
  0.999989230698602     
  0.999989600208899     
  0.999988698824258     
  0.999987457232220     
  0.999986140372487     
  0.999984780650700     
  0.999983350422488     
  0.999981876641950     
  0.999980496715740     
  0.999979488858179     
  0.999979199541526     
  0.999979848339518     
  0.999981566829078     
  0.999984744069419     
  0.999965190860784     
  0.682148464599390     
  2.397966228601014E-005
  2.401882902103280E-005
  2.402273721872672E-005
  2.402259368772760E-005
  2.403498855737102E-005
  2.403679499333490E-005
  2.404617147514860E-005
  2.405480904325958E-005
  2.405785219610393E-005
  2.405847582751664E-005
  2.405797292426074E-005
  2.405238807942060E-005
  2.404664420646831E-005
  2.404980146676368E-005
  2.405084467780086E-005
  2.404015890760598E-005
  2.401844376819518E-005
  2.398120136319516E-005
  2.392621413499681E-005
  2.391296131416621E-005
  2.391816830695349E-005
  2.399920649990264E-005
  2.402825332583404E-005
  2.397399443088555E-005
  0.229867937533645     
  0.241435785433097     
  0.387133559207699     
  0.479197151298808     
  0.411327776129472     
  0.236682498327667     
  2.397523054599176E-005
  2.405101756456580E-005
  2.402727245959433E-005
  2.401200768763841E-005
  0.999991139852096     
  0.999993845338914     
  0.999990869047824     
  0.999988277047391     
  0.999984839379623     
  0.999979333289984     
  0.999975350604050     
  0.999980966543073     
  0.999984967605980     
  0.999988247058652     
  0.999988715276317     
  0.999988796508194     
  0.999988249816488     
  0.999987318086833     
  0.999986137984269     
  0.999984740245116     
  0.999983111611391     
  0.999981275718986     
  0.999979409725618     
  0.999977980869715     
  0.999977623339039     
  0.999978423778534     
  0.999979165994724     
  0.999815545365037     
  2.402502275691532E-005
  2.400362157033716E-005
  2.402480637878261E-005
  2.404177468722523E-005
  2.404786168157223E-005
  2.404628032018152E-005
  2.404909732456030E-005
  2.405279256574104E-005
  2.405693566185883E-005
  2.405888729854317E-005
  2.405763285111856E-005
  2.405416633893084E-005
  2.404896754763812E-005
  2.404064147800701E-005
  2.403370578416120E-005
  2.403675386326081E-005
  2.403696009922629E-005
  2.400234652281277E-005
  2.394805123014605E-005
  2.392672052986409E-005
  0.269151257909770     
  0.319139684472963     
  0.216626502106251     
  2.400403090290741E-005
  2.403652382178143E-005
  2.400560143702766E-005
  0.303671974722747     
  0.534358938978485     
  0.669276005768070     
  0.538616556641207     
  0.345420104364304     
  0.218250515598949     
  2.397741495283905E-005
  2.405154933536609E-005
  2.399390858985055E-005
  0.999978988967704     
  0.999994047449025     
  0.999993142760052     
  0.999991795091084     
  0.999990170735582     
  0.999988207112126     
  0.999986035391780     
  0.999984772164854     
  0.999985507773648     
  0.999986875247280     
  0.999988142315603     
  0.999988581717566     
  0.999988557338493     
  0.999988105789485     
  0.999987300276216     
  0.999986176514506     
  0.999984707205636     
  0.999982809739557     
  0.999980391404583     
  0.999977528349518     
  0.999974986069114     
  0.999974556813587     
  0.999971634910932     
  0.999405126989400     
  2.401978536724806E-005
  2.404049514501459E-005
  2.404779054116685E-005
  2.404876235157132E-005
  2.404900387742420E-005
  2.404380262531659E-005
  2.403503248287045E-005
  2.403867727731553E-005
  2.404695752006837E-005
  2.404966673249856E-005
  2.404491207840869E-005
  2.403401174248305E-005
  2.401427901897474E-005
  2.398444284747728E-005
  2.396624670059335E-005
  2.395094584656919E-005
  2.400388902423775E-005
  2.403114459777445E-005
  2.398023202274979E-005
  0.238102887440869     
  0.302099745570008     
  0.405446054601443     
  0.350424819290753     
  1.208284295757243E-006
  2.403576584853790E-005
  2.403587696246156E-005
  2.402057660184569E-005
  0.711469062245923     
  0.796463546482552     
  0.698400426073613     
  0.391769350374314     
  0.293891321035977     
  0.224660795831149     
  2.396904453728752E-005
  2.404924871267742E-005
  0.999629577223099     
  0.999990901926022     
  0.999993080810905     
  0.999993183944286     
  0.999992575262529     
  0.999991598579017     
  0.999990405778021     
  0.999989200186264     
  0.999988369803099     
  0.999988202476838     
  0.999988458019202     
  0.999988796556052     
  0.999988899200118     
  0.999988726709199     
  0.999988259396344     
  0.999987487940624     
  0.999986376764921     
  0.999984826429838     
  0.999982625577152     
  0.999979372748513     
  0.999974456087824     
  0.999968242854126     
  0.999950831101061     
  0.929616711387062     
  2.403656624963240E-005
  2.404676051252241E-005
  2.404835715317286E-005
  2.404649025700177E-005
  2.404150461035692E-005
  2.402808618222182E-005
  2.399478591998246E-005
  2.392730309970344E-005
  2.399748588072495E-005
  2.402887030763666E-005
  2.403124993725608E-005
  2.401355098830846E-005
  2.398717540677256E-005
  2.396232321084189E-005
  0.209387246062555     
  0.262519751105203     
  0.220091743451401     
  2.399634803412849E-005
  2.403764860317965E-005
  2.400964354965354E-005
  0.334166907277225     
  0.467186710975128     
  0.451765629367621     
  0.196144063269829     
  2.403672481825487E-005
  2.403231398749959E-005
  2.401199304248491E-005
  0.782323324784396     
  0.866484819679540     
  0.702266693113029     
  2.401534505416029E-005
  2.401077596234090E-005
  2.398835883785818E-005
  2.396672311083666E-005
  2.400755997548113E-005
  2.405072219198180E-005
  0.999986536120299     
  0.999992230476429     
  0.999993715980051     
  0.999993891040934     
  0.999993494014179     
  0.999992792811699     
  0.999991935410278     
  0.999991066966698     
  0.999990359649347     
  0.999989929060415     
  0.999989730652654     
  0.999989627426446     
  0.999989465635656     
  0.999989159368724     
  0.999988652525746     
  0.999987894316577     
  0.999986807870757     
  0.999985241456022     
  0.999982860773149     
  0.999978819680980     
  0.999970379684223     
  0.999930871826585     
  0.884255559589870     
  2.404173791200274E-005
  2.404716458393640E-005
  2.403903763282282E-005
  2.402871345697864E-005
  2.401875154167436E-005
  2.401297629099742E-005
  2.398646448254223E-005
  0.323352301966325     
  0.248850948949854     
  2.399943455758767E-005
  2.401928580774918E-005
  2.401370970062228E-005
  2.398033954641276E-005
  0.173155356902514     
  0.244482096989541     
  0.331366068542136     
  0.330602688643626     
  0.201491634221208     
  2.403174989589861E-005
  2.403835266075925E-005
  2.401988448604435E-005
  0.546526875009598     
  0.586852431888431     
  0.436742986890323     
  2.403589916105998E-005
  2.403774684615355E-005
  0.387960586289023     
  0.874986085628382     
  0.908305094120026     
  0.706663041451242     
  2.401002571052683E-005
  2.403126335280999E-005
  2.404004689048989E-005
  2.403903819027201E-005
  2.403685744897734E-005
  2.404187163815738E-005
  2.405717334304372E-005
  0.999994355356500     
  0.999995018069458     
  0.999995188502797     
  0.999994963498185     
  0.999994472906897     
  0.999993813701659     
  0.999993066755336     
  0.999992316592495     
  0.999991650432769     
  0.999991126389305     
  0.999990739303335     
  0.999990430676331     
  0.999990119148502     
  0.999989733195767     
  0.999989211091703     
  0.999988489444128     
  0.999987481669168     
  0.999986035129572     
  0.999983820764827     
  0.999979962755511     
  0.999971138187071     
  0.999927343265288     
  0.999565978044968     
  0.999950936081680     
  0.999908350462845     
  0.999854324129907     
  0.999570105943009     
  0.977328425274152     
  0.908980030828163     
  0.817996243546143     
  0.600925236032669     
  2.399636527822094E-005
  2.401117250649803E-005
  2.399773928299581E-005
  2.398268572897563E-005
  0.184960281442341     
  0.299546635366909     
  0.406477966311248     
  0.425696023154480     
  0.337571624979398     
  2.402122223138295E-005
  2.402897646622349E-005
  2.401774652523250E-005
  0.747229689247190     
  0.876658777989335     
  0.873185093340962     
  0.887617818621998     
  0.970078750819200     
  0.999393030069629     
  0.999714210745918     
  0.998564393320842     
  0.700336612398071     
  2.401703357952930E-005
  2.403469558130745E-005
  2.404101863322672E-005
  2.404179884181595E-005
  2.403915748725256E-005
  2.403661611743712E-005
  2.404157234407016E-005
  2.405705382535688E-005
  0.999997099487002     
  0.999996984701245     
  0.999996556384707     
  0.999995998324893     
  0.999995351874282     
  0.999994645984203     
  0.999993914644179     
  0.999993200805720     
  0.999992549913460     
  0.999991993544521     
  0.999991533641112     
  0.999991141569808     
  0.999990769128306     
  0.999990362190205     
  0.999989864919827     
  0.999989216714278     
  0.999988344070124     
  0.999987141153346     
  0.999985418806647     
  0.999982819646179     
  0.999978749092151     
  0.999973155600674     
  0.999973351571184     
  0.999985519958231     
  0.999984714150895     
  0.999983001200157     
  0.999980086563755     
  0.999975152743856     
  0.999966227831751     
  0.999949176561953     
  0.999916562891445     
  0.999947283524728     
  0.999824918820347     
  0.999566712421171     
  0.990115291392839     
  0.959295469697732     
  0.920160823598647     
  0.861257555798880     
  0.801583506638322     
  0.791367037321310     
  0.875033031766861     
  0.958749621918253     
  0.999954722262370     
  0.999962674779374     
  0.999954941343464     
  0.999954763409026     
  0.999962256377778     
  0.999964534336626     
  0.999959319574772     
  0.999839743125694     
  0.843925315464032     
  0.703955192271409     
  0.630685940967532     
  2.402628236870336E-005
  2.402318067998935E-005
  2.400475821453509E-005
  2.398524320733048E-005
  2.396490324325515E-005
  2.400604106127966E-005
  2.405044988712137E-005
  0.999998586371280     
  0.999998231111723     
  0.999997534590153     
  0.999996779998266     
  0.999996018454479     
  0.999995262674300     
  0.999994524279711     
  0.999993823311755     
  0.999993184211893     
  0.999992625653689     
  0.999992150661169     
  0.999991743120748     
  0.999991371068343     
  0.999990992456366     
  0.999990557991681     
  0.999990011989859     
  0.999989298659466     
  0.999988369197867     
  0.999987150161435     
  0.999985561130724     
  0.999983762914565     
  0.999982486613603     
  0.999983096922016     
  0.999985368316325     
  0.999985262035999     
  0.999983939476400     
  0.999981933609540     
  0.999979868289035     
  0.999978440374465     
  0.999978253691673     
  0.999980299245122     
  0.999984694330796     
  0.999981158340382     
  0.999977409868564     
  0.999973455026166     
  0.999968107330967     
  0.999956316590075     
  0.999920266559475     
  0.999828647304685     
  0.999818051350233     
  0.999936586186292     
  0.999969146228766     
  0.999983631181063     
  0.999981470197454     
  0.999952472332368     
  0.999824494540923     
  0.999610926696315     
  0.949013035637518     
  0.873873543078567     
  0.765494206881072     
  0.647777244131786     
  0.678666537736662     
  0.758448707269448     
  0.749971057424906     
  0.494970538284640     
  0.368749773533624     
  0.295003053262203     
  0.227847755247166     
  2.396531622909056E-005
  2.404911024142007E-005
  0.999999643005653     
  0.999998943214709     
  0.999998071177115     
  0.999997222836400     
  0.999996418318791     
  0.999995649710154     
  0.999994917351869     
  0.999994232453642     
  0.999993612069497     
  0.999993071170212     
  0.999992614781664     
  0.999992233672148     
  0.999991904795053     
  0.999991593755951     
  0.999991254242867     
  0.999990825939056     
  0.999990258231079     
  0.999989566480662     
  0.999988731030393     
  0.999987665680299     
  0.999986713952015     
  0.999986451244732     
  0.999987024726346     
  0.999987358244734     
  0.999986825284217     
  0.999985156259542     
  0.999983028703254     
  0.999981044291071     
  0.999979706590534     
  0.999979329915406     
  0.999979969280796     
  0.999980900122189     
  0.999978970033910     
  0.999976299481800     
  0.999973760753952     
  0.999971113197702     
  0.999967337226756     
  0.999961472851379     
  0.999952881182453     
  0.999938782891180     
  0.999924040893707     
  0.999931090340940     
  0.999948620188514     
  0.999882062031501     
  0.803959688763428     
  0.502966581738079     
  2.399943403120818E-005
  2.399901674840057E-005
  2.399147785888412E-005
  2.397971439328055E-005
  0.179221113227762     
  0.275276254379961     
  0.503953876975180     
  0.713726395426656     
  0.606066299064614     
  0.466854773220872     
  0.340605546169538     
  0.226623776486253     
  2.397301930484852E-005
  2.405139815720974E-005
  0.999999408588055     
  0.999998661538901     
  0.999997997090155     
  0.999997278079673     
  0.999996542736990     
  0.999995815641700     
  0.999995114195899     
  0.999994456883835     
  0.999993864549597     
  0.999993355953315     
  0.999992940854325     
  0.999992615145209     
  0.999992361258813     
  0.999992151184335     
  0.999991940169919     
  0.999991640528217     
  0.999991162386969     
  0.999990657277249     
  0.999990148826746     
  0.999989177155641     
  0.999988392748414     
  0.999988647107549     
  0.999989920764172     
  0.999989683979262     
  0.999988968853442     
  0.999986356732461     
  0.999983549168050     
  0.999981287033233     
  0.999979901475641     
  0.999979386145860     
  0.999979379327739     
  0.999979000545248     
  0.999976686471070     
  0.999973842823718     
  0.999971628608209     
  0.999969604188252     
  0.999966394770911     
  0.999960080151385     
  0.999943582291709     
  0.999823016023599     
  0.938253372577187     
  0.829132094890224     
  0.705663349260360     
  2.403226910043286E-005
  2.402241415946144E-005
  2.397525044046291E-005
  2.400706792763577E-005
  2.402354317460742E-005
  2.402378821998572E-005
  2.401416615196156E-005
  2.399406870568829E-005
  2.397551203393320E-005
  0.154282862291109     
  0.242581666739401     
  0.454707709105302     
  0.449024840669606     
  0.365068293101174     
  0.245351195189311     
  2.396955669555201E-005
  2.405028496548262E-005
  0.999998821526291     
  0.999998311799901     
  0.999997752075309     
  0.999997131151387     
  0.999996473499806     
  0.999995803019372     
  0.999995142779274     
  0.999994518394211     
  0.999993958985348     
  0.999993492376058     
  0.999993135684198     
  0.999992887975438     
  0.999992733417490     
  0.999992654344027     
  0.999992624743960     
  0.999992491934604     
  0.999991948959699     
  0.999991575049524     
  0.999991635617865     
  0.999990198233691     
  0.999988864932501     
  0.999989552766532     
  0.999992910242125     
  0.999991838032178     
  0.999991739372674     
  0.999987000185371     
  0.999982920379894     
  0.999980321358895     
  0.999979127633708     
  0.999978933869345     
  0.999979154993089     
  0.999978682906298     
  0.999974064074524     
  0.999969659087195     
  0.999968682078276     
  0.999968858828827     
  0.999967380236729     
  0.999963172739364     
  0.999952001251194     
  0.999888037475940     
  0.925262955129298     
  0.638765096518516     
  2.402522547976096E-005
  2.403799222623139E-005
  2.404128740520189E-005
  2.403763872587486E-005
  2.403742056815503E-005
  2.404274492088612E-005
  2.404524233026123E-005
  2.404277325358236E-005
  2.403432406468463E-005
  2.401893290352906E-005
  2.399723611165126E-005
  2.399217674066912E-005
  2.397595444184084E-005
  0.267817083192419     
  0.301859866623344     
  0.249602629228170     
  2.395005819448877E-005
  2.404566671649022E-005
  0.999998202896607     
  0.999997853180122     
  0.999997394321005     
  0.999996857332372     
  0.999996268952304     
  0.999995651295956     
  0.999995028232685     
  0.999994431041195     
  0.999993900573318     
  0.999993480072134     
  0.999993197477272     
  0.999993049233184     
  0.999993008326770     
  0.999993073560245     
  0.999993327938133     
  0.999993548434080     
  0.999992464332688     
  0.999992022885092     
  0.999993806016375     
  0.999990806056541     
  0.999986989088963     
  0.999984043366404     
  0.999987171933064     
  0.999978847994709     
  0.999983026858460     
  0.999974503214602     
  0.999969199196508     
  0.999971547009283     
  0.999974007275774     
  0.999977174413050     
  0.999979345193044     
  0.999981539964201     
  0.999968786756266     
  0.999942366288043     
  0.999922473608395     
  0.999957142415786     
  0.999954690038285     
  0.999952999871918     
  0.999956003392998     
  0.999967935562885     
  0.999950450549347     
  0.999483969871469     
  0.784525700730000     
  2.401354988665517E-005
  2.403147822731419E-005
  2.403614804793044E-005
  2.403730562897699E-005
  2.404535130706078E-005
  2.405233159810538E-005
  2.405579852378665E-005
  2.405542521844412E-005
  2.405164642338465E-005
  2.404579946004261E-005
  2.403967469756563E-005
  2.402804153644689E-005
  2.400409262808051E-005
  2.397745250059410E-005
  2.394568392593684E-005
  2.399585598776026E-005
  2.404621337964361E-005
  0.999997593723612     
  0.999997337367181     
  0.999996961417316     
  0.999996495683447     
  0.999995965440646     
  0.999995389091714     
  0.999994787712985     
  0.999994197396793     
  0.999993677240250     
  0.999993299733098     
  0.999993113293161     
  0.999993098073842     
  0.999993168234375     
  0.999993293750922     
  0.999994003202199     
  0.999995293460075     
  0.999992216415830     
  0.999989517275071     
  0.999989496904994     
  0.999970001104638     
  0.999867174162638     
  0.823849064432968     
  2.400497578314277E-005
  2.403110390834435E-005
  2.402119583565820E-005
  0.702328763274349     
  0.859754431873869     
  0.930642856607837     
  0.966816553370464     
  0.999968069895013     
  0.999619287199794     
  0.999921596786244     
  0.999695241563115     
  0.934048785056653     
  0.855413382144716     
  0.917779439914589     
  0.900954302304624     
  0.903476448984996     
  0.927291451031013     
  0.999740558888145     
  0.999925024178607     
  0.999974010434670     
  0.999951938166103     
  0.931848196026448     
  2.401538406497757E-005
  2.397554640139529E-005
  2.400124957950476E-005
  2.402759017621606E-005
  2.404285704782644E-005
  2.405176207715155E-005
  2.405739275345918E-005
  2.406009814030925E-005
  2.406065916706046E-005
  2.406017978234696E-005
  2.405838135465124E-005
  2.405403190915342E-005
  2.404626138935495E-005
  2.403930273086286E-005
  2.404174350995937E-005
  2.405584029592347E-005
  0.999997004182836     
  0.999996798325052     
  0.999996482598291     
  0.999996073897699     
  0.999995590239744     
  0.999995040072329     
  0.999994432752105     
  0.999993805246352     
  0.999993246501311     
  0.999992893262908     
  0.999992849422154     
  0.999993062227848     
  0.999993268688990     
  0.999992904796748     
  0.999994357942184     
  0.999993029719147     
  0.999970674327247     
  0.916463903509274     
  2.400964736508747E-005
  2.402265083763001E-005
  2.399667830838221E-005
  0.271878582360699     
  0.190751603383665     
  2.402818390232979E-005
  2.403697820740007E-005
  2.401369867392947E-005
  2.398535948391522E-005
  0.184063286088778     
  0.192821064505905     
  2.396688216349025E-005
  2.399406229022756E-005
  2.399215238718257E-005
  0.631851621237687     
  0.714211988483464     
  0.596060267703663     
  2.403568214903855E-005
  2.403995364323862E-005
  2.402782321150583E-005
  2.402115708278848E-005
  2.401188447569196E-005
  0.625123626207800     
  0.999615123869645     
  0.999964148087943     
  0.999977327922253     
  0.999914409077491     
  0.589777303818073     
  2.394716607580573E-005
  2.399819100896391E-005
  2.401974821338411E-005
  2.403033448066076E-005
  2.404115844354641E-005
  2.404755635036092E-005
  2.404845041768582E-005
  2.404866145279993E-005
  2.404997200510103E-005
  2.405050875127564E-005
  2.404788280362502E-005
  2.404374167103493E-005
  2.404589539486334E-005
  2.405807672971198E-005
  0.999996431684834     
  0.999996251441588     
  0.999995976871118     
  0.999995613795000     
  0.999995170579370     
  0.999994634985454     
  0.999993980323993     
  0.999993227118442     
  0.999992504445113     
  0.999992101192081     
  0.999992301611854     
  0.999993032755666     
  0.999993995221645     
  0.999989148636458     
  0.999974780876937     
  2.400558401076029E-005
  2.400784331945469E-005
  0.193018311180522     
  2.397941682232397E-005
  2.403386358409360E-005
  2.403594840047998E-005
  2.402523562333436E-005
  2.400105760658398E-005
  2.403728507593495E-005
  2.405024734506440E-005
  2.404734957309848E-005
  2.403463751820742E-005
  2.401074397708379E-005
  2.398623292751425E-005
  2.400202189308756E-005
  2.401793868061467E-005
  2.401726561634588E-005
  2.399483556618673E-005
  0.528714409568507     
  0.601890113063096     
  0.475347049523395     
  2.403067018842308E-005
  2.404257688239338E-005
  2.403947487483665E-005
  2.402908938472973E-005
  2.400498915793159E-005
  2.401553118325580E-005
  0.797392971562833     
  0.999873660118948     
  0.999975872784018     
  0.999897611027809     
  0.826690911021999     
  2.398858756447077E-005
  2.397040744501286E-005
  2.397329044641514E-005
  2.400916675043600E-005
  2.401948770991533E-005
  2.400681478137532E-005
  2.399748877732028E-005
  2.399544619301270E-005
  2.399503488382279E-005
  2.401601092864934E-005
  2.397462337574130E-005
  2.401348055750401E-005
  2.405158625451479E-005
  0.999995872076781     
  0.999995701476524     
  0.999995453226514     
  0.999995131427955     
  0.999994740747619     
  0.999994234414316     
  0.999993483090363     
  0.999992438002992     
  0.999991214593278     
  0.999990448059212     
  0.999991075924008     
  0.999993004305852     
  0.999989666149206     
  0.943830724710778     
  0.207548969166200     
  2.399016567156077E-005
  2.403343589944647E-005
  2.403039851539954E-005
  2.403165491020530E-005
  2.404948217247860E-005
  2.405544524584878E-005
  2.405667726397682E-005
  2.405562503317472E-005
  2.405620536160998E-005
  2.405680816449432E-005
  2.405651191158972E-005
  2.405334139494207E-005
  2.404523294299651E-005
  2.403690541044826E-005
  2.403649517942149E-005
  2.403875022612825E-005
  2.403299314757772E-005
  2.398824110730266E-005
  0.238970453457771     
  0.448199603847022     
  0.503675616934830     
  0.378316205528738     
  2.401042672250519E-005
  2.403407052956132E-005
  2.404201212457340E-005
  2.403551848334645E-005
  2.400993581146233E-005
  0.275158836725528     
  0.444727668438209     
  0.886070017266659     
  0.999913403307962     
  0.999964641328479     
  0.999827496169649     
  0.652227602609250     
  1.159218025104525E-005
  2.399829507023573E-005
  2.398952148414915E-005
  0.207544481632074     
  0.252658071101212     
  0.263575294412734     
  0.273027706583350     
  0.269973375510710     
  0.222640535417709     
  2.397692730383818E-005
  2.404901213676618E-005
  0.999995323972841     
  0.999995146712494     
  0.999994906357319     
  0.999994626384526     
  0.999994340224490     
  0.999993971395772     
  0.999993094382392     
  0.999991516178428     
  0.999988874387906     
  0.999986217607319     
  0.999987079038797     
  0.999968840379997     
  2.402653712515760E-005
  2.402965742673572E-005
  2.400828465072887E-005
  2.402260344027949E-005
  2.404408453002932E-005
  2.405153552262637E-005
  2.405363717291101E-005
  2.405648371170152E-005
  2.405681470277345E-005
  2.405506042230994E-005
  2.404997890019508E-005
  2.404137057980772E-005
  2.403374659516182E-005
  2.403160440216211E-005
  2.403158746469767E-005
  2.403148730498356E-005
  2.404119197189611E-005
  2.404853110260615E-005
  2.405160911449808E-005
  2.404526234677598E-005
  2.401790479952028E-005
  2.396399068795768E-005
  0.213412219703312     
  0.386502836586910     
  0.402026608719673     
  0.274995709297640     
  2.400198462203002E-005
  2.403947158728164E-005
  2.404011670803142E-005
  2.398670946658892E-005
  0.221550732407478     
  0.213536141259932     
  0.178569007202872     
  0.556605486277275     
  0.968130679710169     
  0.999946691663741     
  0.999450342114875     
  0.999503893081898     
  0.830855620279844     
  0.720594108859608     
  0.610552405622484     
  0.505567376614761     
  0.424763549516688     
  0.365653318463919     
  0.305586734716662     
  0.217431372880250     
  2.398871696367496E-005
  2.405145690010932E-005
  0.999994795980281     
  0.999994582791224     
  0.999994303984172     
  0.999994040752871     
  0.999993966508706     
  0.999994121669557     
  0.999993123458267     
  0.999990983445974     
  0.999984760725658     
  0.999966749061758     
  0.990044345332802     
  2.401971534790295E-005
  2.404326524562194E-005
  2.404583330617061E-005
  2.404267102647862E-005
  2.404336973385922E-005
  2.404784134912835E-005
  2.404976404342232E-005
  2.404811274655330E-005
  2.404289451251740E-005
  2.403572501896282E-005
  2.402805921967362E-005
  2.401154497129468E-005
  2.397557086013673E-005
  2.395224197683980E-005
  2.393435678014687E-005
  2.388035014254363E-005
  2.393933511310404E-005
  2.401642105791555E-005
  2.404493468961201E-005
  2.405633753860039E-005
  2.405690874970246E-005
  2.404639444304109E-005
  2.402278052979963E-005
  2.397913033472507E-005
  0.189206228790853     
  0.288730386933186     
  0.274479934694248     
  2.394243036539242E-005
  2.403235604747609E-005
  2.404124432370332E-005
  2.401246916277368E-005
  2.396416731449674E-005
  2.396796647756881E-005
  5.378965495748230E-006
  2.355822382863960E-005
  2.400825862546811E-005
  0.683534718977327     
  0.869570988347865     
  0.993314873078704     
  0.879702476361871     
  0.788775687134830     
  0.710110336426681     
  0.605065836556016     
  0.486055255641827     
  0.374685611482782     
  0.273218196447338     
  0.175601457657955     
  2.399440057114180E-005
  2.405308864377401E-005
  0.999994325157017     
  0.999994019244962     
  0.999993574855451     
  0.999993140516221     
  0.999993333538644     
  0.999995182540841     
  0.999993798100122     
  0.999992177811636     
  0.999982537740377     
  0.999892231028730     
  0.779520480144035     
  2.403271938670079E-005
  2.403940083321809E-005
  2.400436184807609E-005
  2.402334359353018E-005
  2.403373483623515E-005
  2.403311800791857E-005
  2.403000467302988E-005
  2.402210655161915E-005
  2.400414137263839E-005
  2.398702152204917E-005
  2.398289390521795E-005
  2.396618016359243E-005
  0.285954791457568     
  0.336739801676435     
  0.357552195812937     
  0.296459412678332     
  2.382652324966549E-005
  2.399058355771607E-005
  2.403609671822203E-005
  2.405407227184513E-005
  2.405988709471821E-005
  2.405970444789869E-005
  2.405288596655439E-005
  2.403200032317449E-005
  2.399663066824298E-005
  2.397164610924912E-005
  2.393158020151294E-005
  2.398989057786734E-005
  2.403993739458874E-005
  2.405171573395435E-005
  2.404756799790233E-005
  2.403772290583064E-005
  2.403145446439487E-005
  2.402799683990191E-005
  2.402465733469938E-005
  2.399779041197051E-005
  0.270830337160030     
  0.327557490291590     
  0.397187424299860     
  0.512950952583853     
  0.562301232612701     
  0.595272000874912     
  0.566210099457642     
  0.496308858476682     
  0.395045986172158     
  0.283443856035682     
  0.177494207160303     
  2.399501073133771E-005
  2.405309589118770E-005
  0.999994015309826     
  0.999993544223220     
  0.999992696962834     
  0.999991243864770     
  0.999989844770404     
  0.999991596290851     
  0.999984721272423     
  0.999983307158575     
  0.999965999466236     
  0.999952020919413     
  0.999975197345337     
  0.999958308550037     
  0.875707822647400     
  0.622038611046858     
  2.400868808794351E-005
  2.401012793802919E-005
  2.399623589865235E-005
  2.399112660431840E-005
  2.398169709139520E-005
  4.279819656251194E-007
  0.199765703730087     
  0.403777217971952     
  0.525732972207321     
  0.527294702426934     
  0.487330733928596     
  0.434982530702458     
  0.291584867801224     
  2.386855148991402E-005
  2.398780634805991E-005
  2.403294150047260E-005
  2.404747056560611E-005
  2.404976339002247E-005
  2.405141373495618E-005
  2.405480096603449E-005
  2.405562578137798E-005
  2.404936635630520E-005
  2.404189124076430E-005
  2.404021855244031E-005
  2.404609984479223E-005
  2.405560325875120E-005
  2.405970895577934E-005
  2.406049119048074E-005
  2.405946061306527E-005
  2.405703634468294E-005
  2.405245161374961E-005
  2.404256578943351E-005
  2.399356700970813E-005
  0.202682641518053     
  0.223928471689017     
  0.252241088119286     
  0.258603834926912     
  0.220066713121553     
  0.187160325625706     
  0.315476416783651     
  0.388049826352345     
  0.377082658032185     
  0.316834976785603     
  0.220247010507865     
  2.399058815012511E-005
  2.405163605653723E-005
  0.999983631685694     
  0.999981492724042     
  0.999976674099003     
  0.999960999298937     
  0.913924794398840     
  2.400846080389784E-005
  2.403287731071252E-005
  2.402401799122009E-005
  0.663028205282949     
  0.844788125462864     
  0.999932923083558     
  0.999971756975249     
  0.999930131009547     
  0.999941170114920     
  0.999972214757134     
  0.999936183137200     
  0.999637996334184     
  0.982124839678881     
  0.980411976670037     
  0.948325325262046     
  0.906199889735541     
  0.800166256083094     
  0.662447646240600     
  0.543926702440586     
  0.430277461364283     
  0.376877672522904     
  0.275874730727610     
  2.391013296391996E-005
  2.400700255308984E-005
  2.403646408994519E-005
  2.403469230934363E-005
  2.401453868046525E-005
  2.399977460341874E-005
  2.400451460425524E-005
  2.403330305524418E-005
  2.405062344723796E-005
  2.405630220844324E-005
  2.405753201879949E-005
  2.405597977723479E-005
  2.405286083822460E-005
  2.405036027636698E-005
  2.405032979433681E-005
  2.405273660684049E-005
  2.405619221555387E-005
  2.405867808159297E-005
  2.405498209871214E-005
  2.402869739349351E-005
  2.398853271337135E-005
  2.396288736596062E-005
  0.189533232041175     
  0.210333565952261     
  0.168956708670720     
  2.399050046418925E-005
  2.401926135228222E-005
  0.180591706649520     
  0.246346206183248     
  0.263307455111350     
  0.219399753995285     
  2.398115441425477E-005
  2.404990383492522E-005
  2.402847352175573E-005
  2.402389506064623E-005
  2.401661096506560E-005
  2.399759730153165E-005
  0.411936855601341     
  0.341109989430595     
  2.400932422492697E-005
  2.402808316645591E-005
  2.400256457685516E-005
  2.398129396308264E-005
  0.169360112354921     
  0.701953567049256     
  0.872072691600122     
  0.999484386703206     
  0.999967430433156     
  0.999940724825366     
  0.999710810096802     
  0.985000076623690     
  0.980511057606177     
  0.947462335756854     
  0.894179230179474     
  0.762632775885410     
  0.580338912037181     
  0.421021834423369     
  0.261155331237483     
  2.396418417711204E-005
  0.193632973295000     
  2.396370480127597E-005
  2.403315690219392E-005
  2.403877358170902E-005
  2.401017840607299E-005
  2.390229092179657E-005
  0.217039360610502     
  2.381338893052334E-005
  2.396198377429372E-005
  2.403158374078850E-005
  2.405022753374653E-005
  2.404780071382755E-005
  2.403434227940107E-005
  2.401992721216804E-005
  2.401020014075395E-005
  2.400644884867695E-005
  2.400904428763494E-005
  2.401868027505771E-005
  2.403517959193320E-005
  2.405197940336389E-005
  2.405362262501898E-005
  2.404062774395398E-005
  2.401710441274072E-005
  2.398943724597860E-005
  2.398223077813570E-005
  2.398972602780463E-005
  2.401577237552942E-005
  2.402451332547662E-005
  2.401539963074842E-005
  2.400723990830372E-005
  2.399722353674690E-005
  2.398441305148629E-005
  2.401901276385035E-005
  2.405327255916973E-005
  2.401490166698791E-005
  2.403261681424910E-005
  2.403494622266378E-005
  2.402656583748332E-005
  2.394544002521442E-005
  0.253328538159743     
  2.391533992498412E-005
  2.402452012784464E-005
  2.402854045415531E-005
  2.401560597038119E-005
  2.399425300867671E-005
  2.396916003767586E-005
  0.181746054157616     
  0.195494338314369     
  0.185294260617509     
  0.260820236173489     
  0.378805553176944     
  0.351551195870773     
  2.400124728976014E-005
  2.400308443859944E-005
  2.399331458385202E-005
  2.397407174927461E-005
  0.286532336701924     
  0.297995680618024     
  0.232559487619782     
  2.398026946501785E-005
  2.402614836499021E-005
  2.403464266454974E-005
  2.404819251716277E-005
  2.403118466711424E-005
  2.397359574425675E-005
  0.346233435977729     
  0.380860564602581     
  0.293355312325955     
  2.390186974840498E-005
  2.402508352735841E-005
  2.404474525876105E-005
  2.401730650365659E-005
  2.395969717322561E-005
  2.393852532635638E-005
  2.392322782133388E-005
  2.391117496270179E-005
  2.389783724304490E-005
  2.385434621917017E-005
  2.394596009053443E-005
  2.401611342835929E-005
  2.404804347472841E-005
  2.405531706688624E-005
  2.405165710000158E-005
  2.404577844620219E-005
  2.404355341352363E-005
  2.404630425036196E-005
  2.405139901539160E-005
  2.405459892727338E-005
  2.405529325879739E-005
  2.405531406977289E-005
  2.405374891203451E-005
  2.404918453157835E-005
  2.404901050092787E-005
  2.405874141626628E-005
  2.397758750842120E-005
  2.401531491847637E-005
  2.403652042375453E-005
  2.404129434687032E-005
  2.403068712774614E-005
  2.401073658860575E-005
  2.400884840973326E-005
  2.403935838415147E-005
  2.404729339379700E-005
  2.404523636520888E-005
  2.403726565070829E-005
  2.402225156935044E-005
  2.400451201525904E-005
  2.399883292032880E-005
  2.398972705543832E-005
  8.140418681545227E-006
  0.198900959654154     
  0.267561683307841     
  0.194488216399094     
  2.401067498667051E-005
  2.402182819205836E-005
  2.401001914968376E-005
  2.397963847063157E-005
  2.396353981568917E-005
  2.396407478671356E-005
  2.401812958502630E-005
  2.405208000539493E-005
  2.405467349248762E-005
  2.404179391105785E-005
  2.400009706723117E-005
  0.440697355451368     
  0.547506265426933     
  0.416386608958622     
  0.263041255792174     
  2.395590361250864E-005
  2.403783864607655E-005
  2.404940623684968E-005
  2.399403007156710E-005
  0.217094090685697     
  0.233533225570067     
  0.219405325359995     
  0.257266474485365     
  0.349476907885210     
  0.300996517590377     
  2.380940961412034E-005
  2.394915179663470E-005
  2.402721455667002E-005
  2.405236406785488E-005
  2.405928817778164E-005
  2.406056491613318E-005
  2.406074900251049E-005
  2.406074907475166E-005
  2.406019185419156E-005
  2.405897288991321E-005
  2.405743395100196E-005
  2.405445356243270E-005
  2.404828221383792E-005
  2.403917376747105E-005
  2.403996546088317E-005
  2.405336113337169E-005
  0.206240629144275     
  2.398289869785688E-005
  2.403043667262085E-005
  2.404737342293802E-005
  2.405214153357583E-005
  2.405127889880084E-005
  2.405025477167572E-005
  2.405501274068799E-005
  2.405828285628295E-005
  2.405933636538252E-005
  2.405826206369646E-005
  2.405462439361495E-005
  2.404874143115532E-005
  2.404225774917630E-005
  2.403296066889562E-005
  2.401603286611220E-005
  2.399981424448169E-005
  2.398272792550237E-005
  2.397768576258264E-005
  2.402124501342779E-005
  2.404022130428406E-005
  2.404282200433093E-005
  2.404005680641473E-005
  2.404038062134367E-005
  2.404726241403802E-005
  2.405551583087722E-005
  2.405700271565932E-005
  2.404410707763890E-005
  2.401003423417396E-005
  0.514694993120031     
  0.648508641012374     
  0.566588719387581     
  0.270136608966092     
  2.395521274186109E-005
  2.401302043119834E-005
  2.405086054036818E-005
  2.405081886797504E-005
  2.400315848400990E-005
  0.259778121049881     
  0.308059504042689     
  0.404070322028650     
  0.544770134616686     
  0.501089146363053     
  0.373166670604370     
  0.272146417556223     
  2.389647442476446E-005
  2.401602621084469E-005
  2.404609669161653E-005
  2.405258411258530E-005
  2.405231852637529E-005
  2.405051201699630E-005
  2.404711130745949E-005
  2.404042440411810E-005
  2.403180759691639E-005
  2.402453872726289E-005
  2.401011839041438E-005
  2.397771623423257E-005
  2.392450049826137E-005
  2.398226993566242E-005
  2.404001638795426E-005
  0.206512288476326     
  2.398197385622962E-005
  2.403014428565928E-005
  2.404767098620708E-005
  2.405318861565836E-005
  2.405297327941870E-005
  2.405120121198982E-005
  2.405049541122584E-005
  2.405105998756150E-005
  2.405264335450612E-005
  2.405488482589541E-005
  2.405711027836695E-005
  2.405869220666362E-005
  2.405899730539530E-005
  2.405760405322267E-005
  2.405445447332286E-005
  2.405051999656045E-005
  2.404736041550782E-005
  2.404687552432184E-005
  2.405098582730938E-005
  2.405592892136808E-005
  2.405846561554724E-005
  2.405945490762021E-005
  2.406010438012996E-005
  2.406006588964118E-005
  2.405541646413314E-005
  2.404070130046353E-005
  2.400890158836877E-005
  0.572301145991826     
  0.713318158397412     
  0.613387508865241     
  2.400148947401433E-005
  2.399664282864282E-005
  2.402500412792819E-005
  2.404654934896127E-005
  2.405520414356926E-005
  2.404635183974268E-005
  2.401377300039898E-005
  0.313589754550447     
  0.574053270672409     
  0.715595127281118     
  0.609990287165650     
  0.457330630553146     
  0.339556186010437     
  0.273557685772990     
  2.393279004980428E-005
  2.402745784780923E-005
  2.404267348986934E-005
  2.403386168065795E-005
  2.402317917364844E-005
  2.401683890458936E-005
  2.401064907396938E-005
  2.399146940917883E-005
  2.395858185924690E-005
  2.396140668437810E-005
  2.394356155480013E-005
  0.309736366449748     
  0.287419051460379     
  2.392917140393279E-005
  2.404073990980819E-005
  2.397563798904119E-005
  2.401386544507921E-005
  2.403609445759996E-005
  2.404258599745787E-005
  2.403734116482729E-005
  2.402831627110878E-005
  2.402288043282237E-005
  2.401953979718966E-005
  2.401816418972030E-005
  2.401855370135234E-005
  2.402069729124469E-005
  2.402614947816293E-005
  2.403760758733533E-005
  2.404880131729332E-005
  2.405418849876117E-005
  2.405656706751519E-005
  2.405699262368219E-005
  2.405582886227596E-005
  2.405393681170584E-005
  2.405284803148814E-005
  2.405302310705804E-005
  2.405385602460851E-005
  2.405463150835594E-005
  2.405425935281683E-005
  2.404989914357282E-005
  2.403494657641923E-005
  2.400266031236379E-005
  0.616830084368020     
  0.773403509755104     
  0.665267016022884     
  2.399418674754532E-005
  2.402742965980811E-005
  2.404381936165013E-005
  2.405058031121147E-005
  2.405361492223593E-005
  2.404824319511734E-005
  2.403092395993979E-005
  2.401595867617071E-005
  0.732907899501950     
  0.838171481137710     
  0.728776867695910     
  0.322643339920924     
  2.400074186560582E-005
  2.400048398240356E-005
  2.397277658080768E-005
  2.401094478114467E-005
  2.404486581381687E-005
  2.402894757956761E-005
  2.397975843939457E-005
  2.395963672118082E-005
  2.395594474931994E-005
  2.396253643362154E-005
  2.394984621314478E-005
  0.200266472601602     
  0.279752072922131     
  0.414517212302852     
  0.399253001246243     
  0.272912946573070     
  2.397443765144416E-005
  2.404858012441104E-005
  2.401309826730636E-005
  2.403143964085407E-005
  2.403462745105245E-005
  2.402661553616201E-005
  2.398568749003270E-005
  2.396351761820899E-005
  2.395837172135539E-005
  2.395412815150565E-005
  2.395093262363235E-005
  2.394779444615268E-005
  2.393922575899215E-005
  2.389704044181034E-005
  2.397892993626040E-005
  2.401808884114185E-005
  2.402691714649637E-005
  2.403021381629396E-005
  2.403135885063695E-005
  2.403066074604735E-005
  2.402861494215190E-005
  2.402648505691617E-005
  2.402554509988005E-005
  2.402638744110970E-005
  2.402892331396170E-005
  2.403210566379753E-005
  2.403002901224279E-005
  2.400105230747747E-005
  0.651023667217349     
  0.822505799235914     
  0.715598553239504     
  2.401252599264120E-005
  2.403385499461417E-005
  2.404488167400922E-005
  2.405067438324207E-005
  2.405020598620864E-005
  2.404289526358785E-005
  2.403125945737376E-005
  2.399906039527256E-005
  0.783951638671997     
  0.907210691167196     
  0.750352140112755     
  2.401848214844006E-005
  2.400295189153655E-005
  2.402730980226300E-005
  2.404199060848905E-005
  2.404630790069845E-005
  2.404985718274397E-005
  2.405185995267636E-005
  2.401088266266564E-005
  0.194829538059028     
  0.215141478921851     
  0.197845842848778     
  0.178862495458099     
  0.216571928557986     
  0.462832753058519     
  0.532228733681216     
  0.485067628583235     
  0.344049195974919     
  0.184094475342981     
  2.398922517848912E-005
  2.405232725660024E-005
  2.402611733785197E-005
  2.402175787206502E-005
  2.401493426020792E-005
  2.400447801034437E-005
  0.860903459515981     
  0.999798830483146     
  0.999885259331679     
  0.999910066621215     
  0.999915153732882     
  0.999783422806856     
  0.955310089149619     
  0.749459389696025     
  2.396888554214766E-005
  2.398689819673645E-005
  2.397625942820851E-005
  2.397294640472950E-005
  2.397193463500598E-005
  2.397057328300127E-005
  2.396826674632225E-005
  2.396592534428118E-005
  2.396519586446272E-005
  2.396781223772636E-005
  2.397576504323791E-005
  2.399223671627002E-005
  2.399795013907542E-005
  0.758064939315081     
  0.855817370024339     
  0.753073118296649     
  2.402008280868316E-005
  2.404201321320667E-005
  2.404416845084958E-005
  2.404360325026929E-005
  2.404159860106420E-005
  2.403237864334584E-005
  2.400768108944822E-005
  2.399831306990374E-005
  0.842847788741685     
  0.951177849614243     
  0.774135314470832     
  2.401688183051688E-005
  2.403788124152244E-005
  2.404589877492574E-005
  2.404803421041093E-005
  2.405035213351517E-005
  2.405055400026862E-005
  2.404985365769652E-005
  2.404660200497481E-005
  2.401256370147798E-005
  0.241108235713054     
  0.277618483294799     
  0.269011844457719     
  0.378514419721096     
  0.689741076354984     
  0.688082968639706     
  0.581112383603674     
  0.413432258983111     
  0.269246058112607     
  0.171001283803604     
  2.399243549364767E-005
  2.405288664697636E-005
  0.999987652316861     
  0.999987413673977     
  0.999987770735624     
  0.999991372833641     
  0.999988120888440     
  0.999985454626945     
  0.999985756515017     
  0.999985752353364     
  0.999984993096401     
  0.999983240448725     
  0.999980435001776     
  0.999980754938501     
  0.999986111899779     
  0.999978654149434     
  0.999975469650490     
  0.999972957510359     
  0.999970668834576     
  0.999968341828944     
  0.999965810929147     
  0.999962960205255     
  0.999959731664860     
  0.999956217252061     
  0.999952982565842     
  0.999952007820758     
  0.999970255470586     
  0.999930520146215     
  0.905283975336023     
  0.602836348479358     
  2.403577003606082E-005
  2.403781758789645E-005
  2.402666499584906E-005
  2.401700986636655E-005
  2.401574107309496E-005
  2.403443839800280E-005
  0.600866858600031     
  0.939187325276660     
  0.984568190919970     
  0.786478515782197     
  2.403494337125223E-005
  2.404556136865860E-005
  2.404684838275805E-005
  2.404462981942713E-005
  2.404022625275425E-005
  2.403563805853223E-005
  2.403204429389391E-005
  2.403129659242721E-005
  2.403405786573723E-005
  2.402033644705873E-005
  0.269568974427314     
  0.420027816470632     
  0.723056744668484     
  0.932088225029024     
  0.824034562623966     
  0.641295858265874     
  0.471967669929240     
  0.378281683102191     
  0.296852642099660     
  0.214337869703605     
  2.398556810579555E-005
  2.405101648597582E-005
  0.999995026663526     
  0.999994928261717     
  0.999994927076107     
  0.999995137268914     
  0.999992026990275     
  0.999989490555251     
  0.999988079318649     
  0.999987241962950     
  0.999986589871555     
  0.999986264266969     
  0.999986848866503     
  0.999989409208751     
  0.999993022288829     
  0.999992288365498     
  0.999991766247827     
  0.999991329340741     
  0.999990920823735     
  0.999990511739724     
  0.999990085799075     
  0.999989634293862     
  0.999989156046093     
  0.999988661603835     
  0.999988185377630     
  0.999987817649486     
  0.999987776592856     
  0.999974840887837     
  0.999947749135128     
  0.999955483095286     
  0.999972616568555     
  0.999960543548156     
  0.999954479327610     
  0.999949226375903     
  0.999946272972468     
  0.999962797505547     
  0.999938276513852     
  0.999891979387165     
  0.817276683531207     
  2.404099729822732E-005
  2.404684168635741E-005
  2.403819253407873E-005
  2.402649954214392E-005
  2.401375283437959E-005
  2.400128997115359E-005
  2.399075516026453E-005
  2.398472657605797E-005
  2.398732990069118E-005
  2.400326893937453E-005
  2.402031972183140E-005
  0.730872519887006     
  0.966478743299605     
  0.972128396334832     
  0.937482730090844     
  0.589908116623241     
  0.399350725894462     
  0.326320357913013     
  0.316991070443300     
  0.287099945376032     
  0.222085410702339     
  2.396867204650665E-005
  2.404702749088952E-005
  0.999994883159993     
  0.999994728314012     
  0.999994506196217     
  0.999994043851960     
  0.999992435094469     
  0.999990711330524     
  0.999989320090392     
  0.999988344167743     
  0.999987778926484     
  0.999987734860232     
  0.999988406735378     
  0.999989852088617     
  0.999991456418288     
  0.999991628630359     
  0.999991464051819     
  0.999991181063402     
  0.999990839379567     
  0.999990457404081     
  0.999990039509300     
  0.999989584403612     
  0.999989087637984     
  0.999988539787491     
  0.999987915066883     
  0.999987123306041     
  0.999985777812912     
  0.999981755915552     
  0.999980333505690     
  0.999985125901107     
  0.999989592292498     
  0.999988906321351     
  0.999988306090730     
  0.999987697244842     
  0.999987116128438     
  0.999986835549275     
  0.999977098514291     
  0.999927308386582     
  0.999664190071733     
  0.999950882213555     
  0.999906527108617     
  0.999876979013274     
  0.999824625018169     
  0.999712914387343     
  0.999527879068017     
  0.999256548048978     
  0.974213536341843     
  0.954114410931233     
  0.940768643086548     
  0.999575648614888     
  0.999701178883343     
  0.990975847026592     
  0.720592912030799     
  2.402507386171806E-005
  2.402205620403906E-005
  2.400799047148775E-005
  2.400064626973011E-005
  2.397524641677255E-005
  0.158593987603661     
  2.393418434017822E-005
  2.400084521822125E-005
  2.404725178470017E-005
  0.999994808401550     
  0.999994610861888     
  0.999994289077235     
  0.999993677458394     
  0.999992496318975     
  0.999991093444054     
  0.999989807039807     
  0.999988840156371     
  0.999988306115774     
  0.999988306773328     
  0.999988894220045     
  0.999989926380064     
  0.999990931645240     
  0.999991295881305     
  0.999991291266404     
  0.999991096177696     
  0.999990797766405     
  0.999990435443948     
  0.999990024795539     
  0.999989568712323     
  0.999989060760789     
  0.999988481452615     
  0.999987783874314     
  0.999986861354192     
  0.999985505043756     
  0.999983587185143     
  0.999983299905717     
  0.999985615887089     
  0.999988007053772     
  0.999988321523890     
  0.999988013239912     
  0.999987386146205     
  0.999986368323895     
  0.999984283406740     
  0.999977182958442     
  0.999963957703227     
  0.999966030379272     
  0.999985152820830     
  0.999984609936002     
  0.999983582817065     
  0.999982221101362     
  0.999980500899790     
  0.999978353605876     
  0.999975725027604     
  0.999972552749223     
  0.999968409990493     
  0.999961957901598     
  0.999945946981465     
  0.858451778345700     
  0.495234179398969     
  2.401013784393092E-005
  2.403551091259907E-005
  2.404606358231288E-005
  2.404790013244800E-005
  2.404774733356895E-005
  2.404683690541960E-005
  2.403736574570658E-005
  2.402527736108157E-005
  2.403615191354835E-005
  2.405514997612399E-005
