  2.252604233098775E-002
  2.257059730139091E-002
  2.319443541610136E-002
  2.319887420425205E-002
  2.275183950424842E-002
  2.255469883884561E-002
  2.250589650897637E-002
  2.250855047463934E-002
  2.250509703005496E-002
  2.246981396273172E-002
  2.244816823203984E-002
  2.250607443956406E-002
  2.255252909047979E-002
  2.253421478970186E-002
  2.252675762978695E-002
  2.256208195527927E-002
  2.257616450030484E-002
  2.250857652071917E-002
  2.244991876642297E-002
  2.246125962336078E-002
  2.251331777912744E-002
  2.255302737756855E-002
  2.254377694744809E-002
  2.251296715067566E-002
  2.249605343548937E-002
  2.249122846613559E-002
  2.250810874205166E-002
  2.258502268895068E-002
  2.349510379792578E-002
  2.370908060121383E-002
  2.295545226284517E-002
  2.257421989350949E-002
  2.245565493354327E-002
  2.245799886864601E-002
  2.247474372337520E-002
  2.248070400261433E-002
  2.248260849009113E-002
  2.249027850714834E-002
  2.250932087804453E-002
  2.251990982361355E-002
  2.251196251799439E-002
  2.250035608161924E-002
  2.250818202123195E-002
  2.258447625631058E-002
  2.337634892795786E-002
  2.358897255726781E-002
  2.292564895816972E-002
  2.256987609055559E-002
  2.245676396787974E-002
  2.246252816072460E-002
  2.248626618733527E-002
  2.249584250264692E-002
  2.249239500932378E-002
  2.246421996627400E-002
  2.246245234328842E-002
  2.251418950909885E-002
  2.253674595818502E-002
  2.252211683327749E-002
  2.253663336049925E-002
  2.260164575379406E-002
  2.270092464520621E-002
  2.268440045612449E-002
  2.248331536137855E-002
  2.354972489610763E-002
  0.233994283315603     
  0.233738237067252     
  2.375288554637614E-002
  2.285295098180553E-002
  2.274151879874985E-002
  2.289798411574443E-002
  2.305755631981557E-002
  2.304615641769734E-002
  2.283598841950765E-002
  2.266950083364486E-002
  2.295072070661539E-002
  2.362818924956085E-002
  2.366454529570972E-002
  2.367822432464592E-002
  2.377208944438330E-002
  2.333664432798081E-002
  2.287733075075934E-002
  2.267799079659931E-002
  2.274777171541828E-002
  2.295134685403899E-002
  2.321589432929933E-002
  2.340453794258032E-002
  2.326583172819253E-002
  2.314188843910892E-002
  2.308657706069014E-002
  2.331624574147225E-002
  0.255315635220520     
  0.261791620662494     
  2.523023186722295E-002
  2.304084980270701E-002
  2.262373291371897E-002
  2.265073584199847E-002
  2.285031568783553E-002
  2.298648689819682E-002
  2.301184661538544E-002
  2.297809154369699E-002
  2.295718596369891E-002
  2.304844821417023E-002
  2.322893737847400E-002
  2.329746497767902E-002
  2.323530135979104E-002
  2.348055334670201E-002
  0.243221225346955     
  0.245251836384146     
  2.499058571139350E-002
  2.304366325869294E-002
  2.263410325264116E-002
  2.266011764536646E-002
  2.288698990943542E-002
  2.316881581836154E-002
  2.329114206547477E-002
  2.315876396520137E-002
  2.284709729303039E-002
  2.275782443184889E-002
  2.306725428072309E-002
  2.357667947198556E-002
  2.358417442810190E-002
  2.365745546072444E-002
  2.388733752852909E-002
  2.450641249938604E-002
  2.347453793366431E-002
  2.264650434245901E-002
  0.328861253255182     
  0.345916004614761     
  0.242865235650736     
  2.326331953906798E-002
  2.275642911473364E-002
  2.305927571679826E-002
  2.412963206742835E-002
  2.483572015412934E-002
  2.552927288718062E-002
  2.374640474240286E-002
  2.276961509440984E-002
  2.316376532993045E-002
  0.202140511100430     
  0.233828754092939     
  0.216916557921377     
  0.198085409262402     
  2.481875151416453E-002
  2.341216342759189E-002
  2.287858464156284E-002
  2.322457295424244E-002
  2.413434022455959E-002
  2.443891294063223E-002
  0.173116818041887     
  0.170817367395120     
  0.130615536205891     
  0.188342868824530     
  0.373783734672591     
  0.379624979296924     
  0.296829296876553     
  2.437691787954642E-002
  2.287065576181542E-002
  2.260413180751812E-002
  2.312065210913823E-002
  2.424271924208132E-002
  2.440222624313058E-002
  2.429018091726340E-002
  2.400384804279521E-002
  2.373893493180598E-002
  2.382668925682616E-002
  0.139422486517330     
  0.172314715461378     
  0.250556961525372     
  0.375257879768293     
  0.365288851273725     
  0.274726047955853     
  2.452489728317899E-002
  2.293885863498248E-002
  2.262078699826176E-002
  2.309994261746826E-002
  2.416339255789898E-002
  2.531969081739776E-002
  0.183890973231311     
  2.520798797224212E-002
  2.344960928158328E-002
  2.295783525365036E-002
  2.357738994597124E-002
  0.199959427260461     
  0.205510373181818     
  0.230796973391818     
  0.282389008572295     
  0.251006262040239     
  2.434046762686314E-002
  2.264078043896285E-002
  0.999997776222892     
  0.324357611904907     
  2.341903090952174E-002
  2.276697438085349E-002
  2.261970338200145E-002
  2.326549490883207E-002
  0.209392471356848     
  0.274467255508366     
  0.272068248722495     
  2.455409212309156E-002
  2.263219733070741E-002
  2.267881952662136E-002
  0.207673487239780     
  0.317214231620122     
  0.314602685333263     
  0.271456786042645     
  0.228788240126612     
  2.385612428969659E-002
  2.276614718596493E-002
  2.331646862698028E-002
  0.213013676278324     
  0.240846816194770     
  0.222950083827036     
  0.227543175553953     
  0.314396635066835     
  0.488627474575195     
  0.471129994029933     
  0.349108116812267     
  2.478699433919801E-002
  2.343943356161549E-002
  2.262965148664220E-002
  2.253329539458175E-002
  2.357851773739103E-002
  0.223634707104319     
  0.234917487422999     
  0.203908366916293     
  0.176142524069549     
  0.157130337258001     
  0.165766863683579     
  0.228567723440378     
  0.428091910103983     
  0.498169567626847     
  0.458284279228956     
  0.344843082686735     
  0.215629592775268     
  2.396990229295603E-002
  2.269806991635322E-002
  2.252569071903291E-002
  2.349534643598907E-002
  0.223420605237327     
  0.252648587514089     
  0.254277161007026     
  0.230637336001824     
  8.235570579304446E-002
  2.291764043366411E-002
  2.298351277840765E-002
  0.270816762216586     
  0.353310165418072     
  0.397887149772644     
  0.356637407027809     
  0.251584196925880     
  2.370909719803607E-002
  2.255055417608221E-002
  0.999998313365025     
  2.321782726860205E-002
  2.272529606758350E-002
  2.255964066438768E-002
  2.270977859569009E-002
  2.337281202179337E-002
  0.324646422400092     
  0.402769920992456     
  0.321076093125154     
  2.365321735700235E-002
  2.253411220749507E-002
  2.252857184067054E-002
  2.347413883104864E-002
  0.342992841605695     
  0.408272914339570     
  0.367663462142623     
  0.284460425790573     
  2.340594591736660E-002
  2.262867936952435E-002
  2.273229769634140E-002
  0.214885907644122     
  0.320200315638851     
  0.315405783531176     
  0.456816351800536     
  0.603422089289486     
  0.553231055687563     
  0.385357069878840     
  0.216462806813852     
  2.415155209428525E-002
  2.291769287989737E-002
  2.248294247125064E-002
  2.253513828347777E-002
  2.340548012328639E-002
  0.259093288508908     
  0.308277972647098     
  0.278309296161685     
  0.226910079764186     
  0.211478402414686     
  0.328392510565967     
  0.614292592726682     
  0.608032667709639     
  0.516275368339498     
  0.366027438247463     
  0.228897611943210     
  2.422609362470367E-002
  2.313054821434191E-002
  2.251347818898562E-002
  2.250408179246988E-002
  2.330787017105953E-002
  0.264467490963046     
  0.336721605809082     
  0.337407733568129     
  0.277538004360422     
  2.387697746271782E-002
  2.285717749000595E-002
  2.282888155944287E-002
  0.494388972605009     
  0.531895294435028     
  0.442584164188692     
  0.305148173213486     
  0.180812009990656     
  2.340060962042326E-002
  2.250442373273944E-002
  0.999998279261152     
  2.287685851297737E-002
  2.259149430888182E-002
  2.254353711928829E-002
  2.299146165424972E-002
  0.255956529585058     
  0.490667570148821     
  0.460314778734697     
  0.243660445055732     
  2.334602637291159E-002
  2.247669507200980E-002
  2.250515435333530E-002
  2.323135358958904E-002
  0.304637857640935     
  0.466238580431935     
  0.461537815052250     
  0.340695798142331     
  2.316701902609254E-002
  2.260269868563067E-002
  2.262719654107039E-002
  2.323128996162596E-002
  0.394719108576401     
  0.613019477233350     
  0.717638037195227     
  0.629213314573531     
  0.384141195638092     
  0.223083740014702     
  2.450389290414253E-002
  2.336446463265804E-002
  2.264059893460280E-002
  2.243145164386850E-002
  2.259033833557370E-002
  2.334799174280748E-002
  0.252360903206432     
  0.351029013589146     
  0.346484087351025     
  0.300943864987230     
  0.508390923335204     
  0.805017712240050     
  0.723692180360003     
  0.536682118768377     
  0.334828898623111     
  0.209854765117200     
  2.420708995921432E-002
  2.316663303018932E-002
  2.265197468596822E-002
  2.243445868526598E-002
  2.253778946030897E-002
  2.317841839486242E-002
  0.265721850621302     
  0.402069891092957     
  0.409909704209793     
  0.316608731707764     
  8.415870085275479E-002
  6.816733268058849E-002
  0.576888262950533     
  0.635278135905858     
  0.530716825833081     
  0.333838098332866     
  0.191640192016889     
  2.362888391679363E-002
  2.304885939955041E-002
  2.248318395211622E-002
  0.999993066164232     
  2.276939654732158E-002
  2.256635039511107E-002
  2.267002215884287E-002
  2.302328950612890E-002
  0.580670802099434     
  0.588947300386315     
  0.370720771281485     
  2.398081187398784E-002
  2.299285991304891E-002
  2.244646450467756E-002
  2.252775287981892E-002
  2.329655527802643E-002
  0.260817939449869     
  0.509193946119951     
  0.544879292300254     
  0.417439266246321     
  2.297831163626449E-002
  2.261552916132727E-002
  2.274883464663490E-002
  2.292663581956807E-002
  0.782861247376225     
  0.842833307360991     
  0.703973021063893     
  0.336123787356232     
  0.206783934947609     
  2.442920277913445E-002
  2.333681210150212E-002
  2.276756623605516E-002
  2.247827819664027E-002
  2.245352330986935E-002
  2.266883840349202E-002
  2.321326522369136E-002
  0.223962307445199     
  0.376859015679704     
  0.425822265753418     
  0.672609196518724     
  0.868296042109403     
  0.845986347681436     
  0.506303411331125     
  0.325503623964366     
  0.235880526424532     
  2.449437208802968E-002
  2.320409308049986E-002
  2.269049311069560E-002
  2.247362649920858E-002
  2.245569314244130E-002
  2.257982051904640E-002
  2.293326885792800E-002
  0.221720506243045     
  0.445806738901493     
  0.462548295867581     
  0.367910638043567     
  0.417761469052544     
  0.744256088710158     
  0.754576945903425     
  0.614712191025730     
  0.403703454936503     
  0.266848809866638     
  0.177276721557230     
  2.362643138272525E-002
  2.302485441789887E-002
  2.248157179559369E-002
  0.767798347559247     
  2.271778821804094E-002
  2.260927632473503E-002
  2.301711075834081E-002
  0.589024751602458     
  0.669261695146362     
  0.493037853180212     
  0.195466829673561     
  2.376070493795119E-002
  2.277303277072436E-002
  2.243182160503467E-002
  2.255439995042659E-002
  2.330066155429947E-002
  0.203835748256102     
  0.520562871134431     
  0.623917428823401     
  0.516151976253216     
  2.279681007095156E-002
  2.265770837708750E-002
  2.308729754129083E-002
  0.815090793128179     
  0.920406845427444     
  0.761930618143733     
  0.264256649398099     
  0.179724195391593     
  2.424143729653150E-002
  2.330412443307370E-002
  2.277322429435216E-002
  2.251134381335838E-002
  2.246018333723716E-002
  2.256537020851923E-002
  2.278383800217863E-002
  2.329713383134308E-002
  0.172619292599187     
  0.454978858924664     
  0.812215181717489     
  0.920145006472717     
  0.826986220232860     
  0.198252565757029     
  2.325069594782105E-002
  2.363947906613680E-002
  2.402588493970543E-002
  2.324053776911831E-002
  2.268628964164751E-002
  2.247965103720445E-002
  2.250385765586673E-002
  2.263429627951547E-002
  2.271734596772842E-002
  2.280560191530199E-002
  2.319423634994326E-002
  0.477390880652377     
  0.593848427483105     
  0.720938803790372     
  0.885971797654122     
  0.859623533890333     
  0.694526674534073     
  0.509633213595597     
  0.408453852277881     
  0.329198513882057     
  0.250886564009214     
  0.168155103109428     
  2.328994862124471E-002
  2.249629673651312E-002
  0.793376056963692     
  2.263069691419963E-002
  2.279942443637819E-002
  0.594404898146250     
  0.722912621109612     
  0.592733371698693     
  0.217755726452796     
  2.415120521534991E-002
  2.331840379850963E-002
  2.264230464198358E-002
  2.242067808315282E-002
  2.255237596640883E-002
  2.307642473854027E-002
  2.388793617875827E-002
  0.460536572309540     
  0.715619414003019     
  0.641595593823685     
  2.265192397610790E-002
  2.282280939302123E-002
  0.842606993503350     
  0.946050124047398     
  0.843450537871412     
  0.292830807894960     
  0.220843296251438     
  2.442204477948718E-002
  2.326606870344004E-002
  2.275545860031880E-002
  2.250829974903848E-002
  2.247844227077472E-002
  2.263527311205812E-002
  2.285139419915373E-002
  2.299644999548166E-002
  2.331534082506368E-002
  0.205403181301410     
  0.918488448748916     
  0.965511008457658     
  0.879072348001371     
  0.282036841639050     
  0.207315807966234     
  2.368217272086210E-002
  2.297239150800363E-002
  2.277472796306775E-002
  2.259226767248748E-002
  2.245993478615830E-002
  2.251624505115557E-002
  2.289741027933313E-002
  2.336747199953236E-002
  2.318574710738769E-002
  2.299777585635179E-002
  2.296632703636855E-002
  0.783978282019013     
  0.909281779488756     
  0.941374724373524     
  0.896770485516138     
  0.676203520919032     
  0.476735563947919     
  0.417204084049873     
  0.390079939394878     
  0.354590638007230     
  0.300902773402649     
  0.216518825335505     
  2.346050137585038E-002
  2.251630446080244E-002
  0.821651866734551     
  2.288908143210298E-002
  0.589522865633678     
  0.766096615982143     
  0.672863699360321     
  0.258899598658786     
  0.178992027167949     
  2.387610026751091E-002
  2.295892022150724E-002
  2.252781607024562E-002
  2.241039988522070E-002
  2.254383141241204E-002
  2.289251277188599E-002
  2.342540383004410E-002
  0.221399657951320     
  0.810712805995415     
  0.821255243156909     
  2.423025941642032E-002
  0.849956103947713     
  0.956502735427228     
  0.860893115521779     
  2.316761066216035E-002
  2.354463927575728E-002
  2.403758049091982E-002
  2.332143669677328E-002
  2.274373022719971E-002
  2.249714599463806E-002
  2.247701560316756E-002
  2.268326518732372E-002
  2.321710219994608E-002
  2.382339453587152E-002
  2.363901219653998E-002
  2.324636845085114E-002
  0.933591796544133     
  0.978448626783430     
  0.907548027986037     
  2.319330626537800E-002
  2.350301954584890E-002
  2.392568824997191E-002
  2.321087348355560E-002
  2.268894720552259E-002
  2.250376253925174E-002
  2.244240480792704E-002
  2.249932999420079E-002
  2.274268507946379E-002
  2.359078519645706E-002
  0.187278640269962     
  0.175947338032144     
  2.349939922958059E-002
  0.817971331560638     
  0.956738414549830     
  0.960895941881630     
  0.878121346122339     
  0.373994093952464     
  2.333444844855756E-002
  2.335032699422304E-002
  9.292536137415086E-002
  0.228200039039887     
  0.264839434600872     
  0.261807925349496     
  0.214171571909770     
  2.361990644951130E-002
  2.254078135529396E-002
  0.646887839290092     
  0.601896049798091     
  0.787157047585315     
  0.743831770415056     
  0.367582155574549     
  0.221172415579821     
  2.445807377599027E-002
  2.344454537006566E-002
  2.273928388717201E-002
  2.245221954555963E-002
  2.243180256114395E-002
  2.259175936145938E-002
  2.282637787908435E-002
  2.316999339768509E-002
  2.352914574267191E-002
  0.664116713122325     
  0.766821597446765     
  0.837414595347688     
  0.958855614084130     
  0.890085925038067     
  0.177174984457129     
  2.353652531657123E-002
  2.308531659267388E-002
  2.288624346085891E-002
  2.267040442999475E-002
  2.248081891778802E-002
  2.247130741187655E-002
  2.266532292192545E-002
  2.311529509484082E-002
  2.419126548127568E-002
  0.187980733658074     
  0.196830471405751     
  0.922397639652586     
  0.981035899783391     
  0.936333426056868     
  0.198693512703916     
  2.353612219828619E-002
  2.300592398945858E-002
  2.281449347343146E-002
  2.263881816724043E-002
  2.248748139412029E-002
  2.246047465909683E-002
  2.253875580745086E-002
  2.273711612718316E-002
  2.326700582042046E-002
  2.429311213105060E-002
  0.217227767873591     
  0.253162136012044     
  0.853691896476871     
  0.965939016299783     
  0.965481475628174     
  0.844580193636643     
  2.342815356909878E-002
  2.392745172671983E-002
  2.322282371087981E-002
  2.288573342959764E-002
  2.288045021639799E-002
  2.300701509011847E-002
  2.320301353028848E-002
  2.340052951966473E-002
  2.359881245605391E-002
  2.301894697034718E-002
  2.250379188964007E-002
  0.723988750245783     
  0.822549031150915     
  0.806103956534522     
  0.532005464198475     
  0.274535655013648     
  0.220001043683367     
  2.423560932791894E-002
  2.301324750381589E-002
  2.256470309537300E-002
  2.243066789209717E-002
  2.254081195998834E-002
  2.281849985985062E-002
  2.294662417467293E-002
  2.306288036208689E-002
  2.323259012113683E-002
  0.724394598788720     
  0.904201014264318     
  0.960410950909044     
  0.918072069960119     
  0.377786320607203     
  0.195088545239147     
  2.393710011323184E-002
  2.303877359285150E-002
  2.266021143411382E-002
  2.247536351777114E-002
  2.246502019487602E-002
  2.268334761133133E-002
  2.309483134617699E-002
  2.376801162958896E-002
  0.163340787518225     
  0.251458343288269     
  0.903923611720602     
  0.979034646532194     
  0.949478824818691     
  0.364570997907032     
  0.170976930311458     
  2.364100529495840E-002
  2.285019793868346E-002
  2.258960192170361E-002
  2.249276200253090E-002
  2.251158023767848E-002
  2.265367240893635E-002
  2.285799988150433E-002
  2.304956563803547E-002
  2.384993425868848E-002
  0.223215515215955     
  0.333236454537487     
  0.893660766813468     
  0.972606907584008     
  0.970298286982129     
  0.844104302717142     
  2.383688669970140E-002
  2.324511420045218E-002
  2.291964400702585E-002
  2.271910325343273E-002
  2.256457729125732E-002
  2.250221865443127E-002
  2.248684041452701E-002
  2.250062817591252E-002
  2.255116352955662E-002
  2.261926921308093E-002
  2.259892186944381E-002
  2.243865315801049E-002
  0.896838318124377     
  0.903377660787434     
  0.664033070414391     
  2.309244720755757E-002
  2.341554982903340E-002
  2.387312140856337E-002
  2.334393649394634E-002
  2.271415421873961E-002
  2.246790026202493E-002
  2.249066309156882E-002
  2.281187256898055E-002
  2.370907413624615E-002
  2.369863034774273E-002
  2.333591370877078E-002
  2.290539519340290E-002
  0.919226428089378     
  0.974417758504458     
  0.955772576472893     
  0.683371258399502     
  0.230122576821094     
  0.189207988231725     
  2.401044646073920E-002
  2.292161449671789E-002
  2.254102020994969E-002
  2.244870666817029E-002
  2.264061021744462E-002
  2.327018163929641E-002
  2.416014801728074E-002
  0.146989699287001     
  0.196420781341505     
  0.892136504016862     
  0.975760900786177     
  0.955714268331573     
  0.632708364837508     
  0.220522473437119     
  2.423818793043905E-002
  2.313415175332578E-002
  2.264806148841316E-002
  2.252051736174428E-002
  2.257367329747878E-002
  2.277593840867743E-002
  2.322540776576236E-002
  2.373415215299729E-002
  2.367402804944263E-002
  2.341886960298076E-002
  0.534655324899091     
  0.924808935086967     
  0.977393302683408     
  0.974075542662731     
  0.877667327029943     
  0.219954794373458     
  2.397154933894707E-002
  2.295305453864986E-002
  2.264503366689815E-002
  2.250086038445526E-002
  2.243923983998779E-002
  2.243425353133271E-002
  2.246609663988307E-002
  2.253712521684685E-002
  2.265254489128578E-002
  2.275404842457036E-002
  2.270688707585918E-002
  2.249743632637652E-002
  0.971726282858290     
  0.927390308967606     
  2.288178191159778E-002
  2.287527270766635E-002
  2.282474255664980E-002
  2.284707838043652E-002
  2.275631056871099E-002
  2.253878926443445E-002
  2.246166850098353E-002
  2.262616936764750E-002
  2.311718169618137E-002
  2.634929298406927E-002
  0.260512103282617     
  2.463727687299056E-002
  0.663915484566627     
  0.959784892739796     
  0.977156824168953     
  0.913569741255016     
  0.372486741958941     
  0.199601441525755     
  2.434369483057302E-002
  2.342654679229068E-002
  2.272991597391084E-002
  2.247235725362135E-002
  2.250805855869421E-002
  2.295408581877784E-002
  2.474861924405053E-002
  0.210941177040182     
  0.217349543909085     
  0.854788269803372     
  0.974152439389578     
  0.970010402838245     
  0.790105457043895     
  2.330264066936198E-002
  2.349800370534596E-002
  2.304153083969667E-002
  2.266513917773473E-002
  2.253807674688533E-002
  2.263223412253892E-002
  2.288183730095516E-002
  2.325622672051042E-002
  2.414896682286485E-002
  0.172210901652585     
  0.189678972930290     
  0.681896826744581     
  0.937793683613731     
  0.978982547154875     
  0.974968646672494     
  0.881006709881492     
  2.331863955084992E-002
  2.352462322938142E-002
  2.314659428344077E-002
  2.267409172225121E-002
  2.251487105468076E-002
  2.249889999397833E-002
  2.257044689120908E-002
  2.270536134601346E-002
  2.294317995771892E-002
  2.336933849826754E-002
  2.384832551841609E-002
  2.456861256168603E-002
  2.348413687434451E-002
  2.264892956446058E-002
  0.976111953673836     
  0.899597225141898     
  2.309998707056580E-002
  2.286029836365719E-002
  2.292996109259384E-002
  2.295124477649515E-002
  2.271920853022157E-002
  2.252610477355222E-002
  2.253370694861221E-002
  2.283609617039415E-002
  2.326790628490722E-002
  2.373536129004853E-002
  0.326101193629086     
  0.473302954137193     
  0.864938103793002     
  0.973621730018012     
  0.965485948351254     
  0.754472517506525     
  0.239021016887226     
  0.178040205111513     
  2.379499450712065E-002
  2.297501553163465E-002
  2.257331881094669E-002
  2.246375299508853E-002
  2.258979117514836E-002
  2.303644093192204E-002
  0.170151315757845     
  0.304289837198851     
  0.766947581814790     
  0.969090312058064     
  0.980050597414015     
  0.890044634004713     
  2.339610848630057E-002
  2.292071406837866E-002
  2.267838383409746E-002
  2.257250926598658E-002
  2.252772760009302E-002
  2.264286855555493E-002
  2.306022346925674E-002
  2.368944849930146E-002
  2.397458145588026E-002
  0.180550957556609     
  0.303914848820545     
  0.812993369949051     
  0.954228336352587     
  0.978245648783050     
  0.973544369935535     
  0.878985668927159     
  2.337893779954668E-002
  2.292133845340780E-002
  2.271170463130825E-002
  2.262101388263829E-002
  2.253728083391136E-002
  2.258502476450210E-002
  2.275226774042781E-002
  2.304603346298480E-002
  2.341513820831899E-002
  2.383441855581107E-002
  0.242598432532756     
  0.294046829103071     
  0.252187185853809     
  2.430336492373296E-002
  2.264085520753510E-002
  0.978354266415395     
  0.907621136043062     
  2.296582298190484E-002
  2.311324991012125E-002
  2.438034912146929E-002
  2.390259031571658E-002
  2.290962016397210E-002
  2.257493593763276E-002
  2.263843751976250E-002
  2.337863193535129E-002
  2.546327011875530E-002
  2.297821154973075E-002
  2.314553698619703E-002
  0.743883727416635     
  0.957771371682180     
  0.978413530909239     
  0.939123740765977     
  0.517268289305817     
  0.199265713324729     
  2.413132103341215E-002
  2.328990891756898E-002
  2.271675449910528E-002
  2.250432673390544E-002
  2.254364191678207E-002
  2.278131810322779E-002
  2.301932111862991E-002
  2.359822461441661E-002
  0.650920943983059     
  0.957729807031791     
  0.983195314460449     
  0.954852720713093     
  2.342030514045818E-002
  2.285783179305000E-002
  2.263490955045771E-002
  2.252735130859473E-002
  2.253879332246878E-002
  2.266446556459023E-002
  2.292205521743760E-002
  2.359451235967859E-002
  0.196010170505008     
  0.227971217062818     
  0.595264344447770     
  0.908475206864842     
  0.968780451021290     
  0.976978203013511     
  0.969403140724079     
  0.863304903737703     
  2.305504534045108E-002
  2.277467654439122E-002
  2.264522005058651E-002
  2.258283126392379E-002
  2.257689428711328E-002
  2.265387440732619E-002
  2.296279473465469E-002
  2.338679235932084E-002
  2.379070578527674E-002
  0.211532124459168     
  0.350754351992236     
  0.399963785675500     
  0.353082861303969     
  0.245158103304360     
  2.366316315916072E-002
  2.255069233718891E-002
  0.979671593504119     
  0.917773098596241     
  2.295698378336544E-002
  0.248799726070597     
  0.260995888135219     
  2.557861917323534E-002
  2.301910263188501E-002
  2.257581950429788E-002
  2.262055085080145E-002
  2.329637937768014E-002
  0.244518155888155     
  0.319571739274240     
  2.199877825519358E-002
  0.934527697993998     
  0.981233294103169     
  0.977103583173590     
  0.869971681196734     
  0.266255634665125     
  0.172282803016644     
  2.359664924141158E-002
  2.286862159984643E-002
  2.256302888751027E-002
  2.253798743891496E-002
  2.275236413951876E-002
  2.335163081707238E-002
  2.394212627640951E-002
  2.316792711402645E-002
  0.970237809878887     
  0.986131035736956     
  0.965067369754303     
  0.602550933136455     
  2.319901052217918E-002
  2.268598634563412E-002
  2.256255117705891E-002
  2.260192784767816E-002
  2.277233924699330E-002
  2.307749730534154E-002
  2.373284981422454E-002
  8.789944601307965E-002
  0.601681836522603     
  0.862834196703339     
  0.948761996187615     
  0.974539635257162     
  0.974090025923611     
  0.961379164901154     
  0.835323723217358     
  2.274838509585436E-002
  2.262192051521468E-002
  2.263512014681850E-002
  2.268211844154274E-002
  2.273801824874532E-002
  2.279030183665023E-002
  2.293444571380714E-002
  2.366439877690781E-002
  0.193130863781041     
  0.344122755120347     
  0.472814839848443     
  0.486810773754353     
  0.419881061021246     
  0.291302537225932     
  0.171291946317023     
  2.335083802610600E-002
  2.250531977497041E-002
  0.976533531996832     
  0.899914983457450     
  0.389147391081520     
  0.364401258509585     
  0.285611308357673     
  2.455184220376610E-002
  2.292611182603971E-002
  2.254505637887105E-002
  2.261441274099184E-002
  2.293893562123097E-002
  2.417025971393030E-002
  0.379844281345699     
  0.661443426452577     
  0.960768679095653     
  0.983067788229582     
  0.970736479692832     
  0.681315312472385     
  0.196524354463937     
  2.388370879476126E-002
  2.306136680554565E-002
  2.262777901593182E-002
  2.253113262460843E-002
  2.270269988580235E-002
  2.301228933072938E-002
  2.383999820296121E-002
  0.222835527479450     
  0.933354605185004     
  0.985896352483702     
  0.982074904117292     
  0.849354394278151     
  2.289462584900268E-002
  2.274218152558566E-002
  2.259504936930625E-002
  2.266775519218309E-002
  2.292613713126295E-002
  2.343777490135238E-002
  2.358317863479329E-002
  0.613735969443904     
  0.894962557990918     
  0.956629319802607     
  0.974724805950913     
  0.976782232802429     
  0.971253011724717     
  0.948635464526300     
  0.811575746534312     
  2.269635325703477E-002
  2.261997149375055E-002
  2.276839782689695E-002
  2.296573580797824E-002
  2.317094258200934E-002
  2.331634647949376E-002
  2.328785257416419E-002
  2.335414139273422E-002
  0.480496069736057     
  0.627165882725112     
  0.643402388857251     
  0.583963583223307     
  0.468022983971162     
  0.321054644883830     
  0.202362554563965     
  2.376075322554233E-002
  2.310807108622159E-002
  2.248993251297615E-002
  0.975707811334863     
  0.904069402610864     
  0.533404156678241     
  0.372382774170000     
  0.216013174851592     
  2.385826449567372E-002
  2.272916224893243E-002
  2.253482791725463E-002
  2.274718509556293E-002
  2.296212159322836E-002
  2.295268726092085E-002
  2.309675461958898E-002
  0.900333187320132     
  0.981445675689586     
  0.985960027450901     
  0.961676466520308     
  2.326671468365750E-002
  2.330026184552296E-002
  2.295709722720396E-002
  2.265812827621927E-002
  2.253208726649094E-002
  2.263577866725385E-002
  2.319173827382248E-002
  2.396128172188058E-002
  2.338873983635047E-002
  0.915013167719711     
  0.981551173466503     
  0.984868060423015     
  0.952784227317341     
  2.287272353164073E-002
  2.257461715720053E-002
  2.260583297280577E-002
  2.271103374476445E-002
  2.306768369627341E-002
  2.333183831981788E-002
  0.640238976433473     
  0.912877535849020     
  0.962910902531998     
  0.979844109095182     
  0.982238930959347     
  0.981061231098302     
  0.976102981135319     
  0.960982413558433     
  0.899976135816925     
  0.798044172468418     
  0.870926732332092     
  0.861733364906447     
  0.855116615315254     
  0.843542179229205     
  0.829091319200614     
  0.814999566200268     
  0.817506123051343     
  0.880445970931139     
  0.887811089716232     
  0.806327801823876     
  0.711821230351246     
  0.556911322238143     
  0.405606885357640     
  0.292980183597603     
  0.217670977923794     
  0.146875414416217     
  2.321812892839107E-002
  2.249513198762471E-002
  0.979652812355700     
  0.931735294390990     
  0.567484021869537     
  0.266362584783864     
  2.390042939245800E-002
  2.307008415738782E-002
  2.255096143785795E-002
  2.259399328556015E-002
  2.332125940942843E-002
  2.406374367555643E-002
  2.345961382185711E-002
  2.299039499103930E-002
  0.980079468176528     
  0.989180046357978     
  0.980521138768296     
  0.847731893909557     
  2.349833244446657E-002
  2.286585213085736E-002
  2.265259934806035E-002
  2.255270179110669E-002
  2.259668369729928E-002
  2.277533221863624E-002
  2.360134361513854E-002
  0.220254149122122     
  0.877914726665992     
  0.975739631135367     
  0.980808442928177     
  0.954614186379697     
  0.544496817874333     
  2.259849362380339E-002
  2.265085251029876E-002
  2.284737642785530E-002
  2.301093215846924E-002
  0.687984501112668     
  0.932434561685195     
  0.966997785617512     
  0.981393299509894     
  0.983551801301659     
  0.984084512058964     
  0.984376126714526     
  0.983873647757311     
  0.977843046942005     
  0.963620787594287     
  0.931637834396511     
  0.909246855882101     
  0.955633744781165     
  0.960804546400650     
  0.955665939770130     
  0.948199708527324     
  0.938205197829841     
  0.916516550596362     
  0.884030051594246     
  0.892917919733542     
  0.857984447857847     
  0.703590445924209     
  0.603132768548549     
  0.508445278179859     
  0.427444017450645     
  0.339043465942044     
  0.260192620448611     
  0.200364468919032     
  2.340902213632162E-002
  2.251515848775256E-002
  0.985405043060041     
  0.956452105556942     
  0.479875095593594     
  2.380718240188400E-002
  2.308368733703229E-002
  2.265987629919008E-002
  2.246595981000624E-002
  2.265548844718433E-002
  2.408747839508140E-002
  0.237267685703146     
  0.206905784952359     
  0.858254420060358     
  0.984689752097923     
  0.986572424585212     
  0.968756787310255     
  0.634415131418863     
  2.351816660107731E-002
  2.275593990274711E-002
  2.259072292931858E-002
  2.265577378919354E-002
  2.285491562362263E-002
  2.304196894498011E-002
  2.334864320143772E-002
  0.898681733516137     
  0.973131389691489     
  0.976173976253129     
  0.960701546544316     
  0.797470426762981     
  2.263731541610749E-002
  2.264121498139902E-002
  0.610065446654889     
  0.827497725721354     
  0.961867235500541     
  0.973986969256070     
  0.983240418543224     
  0.983818593237745     
  0.983802056689934     
  0.984049382414838     
  0.984810372509193     
  0.986338592371416     
  0.988815554228854     
  0.977645008815715     
  0.953126657792353     
  0.897442189569170     
  0.849677068416989     
  0.867264101437748     
  0.881657744429840     
  0.864566926354410     
  0.847225972381981     
  0.829619439252942     
  0.788769819239676     
  0.690063839363750     
  0.501767525639125     
  2.178740357855225E-002
  2.288502127016953E-002
  2.298612877471856E-002
  0.308322775075976     
  0.359947059818474     
  0.335264985181000     
  0.266626466398924     
  0.196498122820406     
  2.357373006716131E-002
  2.254692294484124E-002
  0.989932774312568     
  0.972141230145600     
  0.199479978591879     
  2.334662792160232E-002
  2.280591436864807E-002
  2.252000715935246E-002
  2.246946235583870E-002
  2.270708320998974E-002
  2.325448230185164E-002
  0.285386296611232     
  0.643783001289078     
  0.958645910119413     
  0.984991052678759     
  0.984882894895284     
  0.939586633616665     
  2.322257638712664E-002
  2.288593479065347E-002
  2.263006760285353E-002
  2.265362711889313E-002
  2.304984030129644E-002
  2.374919352135266E-002
  2.377729776968501E-002
  0.926409016261596     
  0.977796978319277     
  0.976940801376754     
  0.964883717800881     
  0.893068262962281     
  0.725731465489667     
  0.837605757119465     
  0.949394750394377     
  0.964493629696074     
  0.976484557440995     
  0.985957316015380     
  0.984973494124093     
  0.984260698162748     
  0.983475722028096     
  0.982978131112351     
  0.983225922693174     
  0.984366336012716     
  0.986353459180129     
  0.981407646143790     
  0.907395101577073     
  0.813554066633261     
  0.704957039181129     
  0.576370954561111     
  0.346999966797422     
  2.286862058653275E-002
  2.294717965821951E-002
  2.316048377224218E-002
  2.352054836004599E-002
  0.265332942405862     
  0.381505021357999     
  0.378821690098737     
  0.286357866630754     
  2.419148420648490E-002
  2.279025640937280E-002
  2.319261386443666E-002
  0.175805552637243     
  0.237551640194960     
  0.218082676399570     
  2.446338661822802E-002
  2.314797993886456E-002
  2.253202816607944E-002
  0.990926661787732     
  0.973641653071084     
  2.368891791753355E-002
  2.307560818389366E-002
  2.267199866500905E-002
  2.249043921194816E-002
  2.254521138868490E-002
  2.296290300517568E-002
  2.372331940065609E-002
  2.313543670237657E-002
  0.940784377369559     
  0.983658442810484     
  0.985568492185239     
  0.975769628156267     
  0.702478095047428     
  2.291381436369558E-002
  2.263586334199663E-002
  2.264276817482773E-002
  2.278430630639294E-002
  2.335517719971388E-002
  0.638717455671359     
  0.965994707793073     
  0.984196558176255     
  0.981745551209916     
  0.976000038068227     
  0.961923185332147     
  0.929728624664962     
  0.929106902378411     
  0.969577058082178     
  0.983443530581775     
  0.983895975703065     
  0.984254874526667     
  0.985005676849833     
  0.984320412168702     
  0.983268591561069     
  0.982013964924657     
  0.980764080676711     
  0.979299774565184     
  0.971725551878552     
  0.912568967215172     
  2.294618885557242E-002
  2.278359988579611E-002
  2.304335868302310E-002
  0.327393011531724     
  0.431132998904037     
  0.384969594255275     
  0.206407378472466     
  2.313267991332163E-002
  2.295440020563182E-002
  2.307343322433889E-002
  2.386992586236241E-002
  0.208227714044684     
  0.267580808269188     
  0.273516332277227     
  0.175833800364873     
  2.293082062148042E-002
  2.276401652041391E-002
  2.292854567445527E-002
  2.311918335300125E-002
  2.344329700847192E-002
  2.307183939771623E-002
  2.269859797231386E-002
  2.245416668112408E-002
  0.991465633820508     
  0.975445310981056     
  2.362045228025088E-002
  2.295728576373071E-002
  2.262954597717182E-002
  2.252370624435536E-002
  2.262040982310913E-002
  2.303952297391516E-002
  0.185184333411580     
  0.677764526173748     
  0.969593809707947     
  0.984755624896904     
  0.986014001763379     
  0.963214179990903     
  2.289776201732622E-002
  2.262734675214984E-002
  2.263409351104508E-002
  2.298175245451894E-002
  2.329691575354958E-002
  0.880140617925176     
  0.969242756931161     
  0.986450366191248     
  0.984987321852493     
  0.982144899626499     
  0.977962564814310     
  0.972073902440870     
  0.968717337750690     
  0.974451831303957     
  0.980355633638102     
  0.983267877513829     
  0.984065757639054     
  0.984393116277593     
  0.984432456019313     
  0.983537477741353     
  0.982085016068192     
  0.979523571173501     
  0.971954428090202     
  0.933549609323245     
  0.775305352698431     
  2.308294486988821E-002
  2.278259229916270E-002
  2.265635552210343E-002
  2.266826881832671E-002
  2.312009344893512E-002
  0.271681213977904     
  0.353407693522746     
  0.294356096636396     
  2.459438653866171E-002
  2.302630187577652E-002
  2.293114469313731E-002
  2.327676899904125E-002
  2.394695810849624E-002
  2.418080968800650E-002
  2.426036060368003E-002
  2.379286899656006E-002
  2.282229070448155E-002
  2.253063996871705E-002
  2.247650459571471E-002
  2.247235418181462E-002
  2.251883511224293E-002
  2.258386769353163E-002
  2.255307409209322E-002
  2.245060230622058E-002
  0.991947730693798     
  0.977282084349074     
  2.368047698656981E-002
  2.291969611696685E-002
  2.264646806476434E-002
  2.262398836936663E-002
  2.277364442087722E-002
  2.312076434692826E-002
  2.357145552446808E-002
  0.955071430310604     
  0.984798334893435     
  0.983565972802576     
  0.973276339098334     
  0.823685816341372     
  2.273693334117726E-002
  2.255699647333866E-002
  2.270922212772080E-002
  0.695689002036529     
  0.970759339457208     
  0.984668632739840     
  0.986024661781402     
  0.986114629908954     
  0.984870313052630     
  0.983026955648510     
  0.980810400183287     
  0.978893668969252     
  0.978757996286856     
  0.980509276286817     
  0.982208763251540     
  0.983363665923660     
  0.984042074941380     
  0.984568572984551     
  0.984788731685308     
  0.982717398517899     
  0.979378891523902     
  0.970063168120719     
  0.900200335406783     
  0.638883867003697     
  0.234392872668353     
  2.314003328519769E-002
  2.299061188527186E-002
  2.275659393738718E-002
  2.264818315759896E-002
  2.272220222405331E-002
  2.335875797184866E-002
  0.231237233796066     
  0.257101285795985     
  2.497644796774256E-002
  2.302226645493884E-002
  2.274275548550900E-002
  2.273595464600554E-002
  2.281112184592060E-002
  2.281030295475979E-002
  2.270930136856322E-002
  2.257280578975624E-002
  2.245914420483047E-002
  2.242233946046495E-002
  2.245853523453934E-002
  2.254244387138201E-002
  2.267572630350451E-002
  2.280605854701975E-002
  2.279726759541188E-002
  2.262098823154437E-002
  0.992377394750706     
  0.978902186088171     
  2.353045084717009E-002
  2.286362330220157E-002
  2.270253011467178E-002
  2.282060952717701E-002
  2.300274326445388E-002
  2.348098759693733E-002
  0.742424559818609     
  0.977501697025919     
  0.984488605560422     
  0.979774347115018     
  0.936813078293152     
  0.641510405056582     
  2.269183880982842E-002
  2.286329041848544E-002
  0.921709252444972     
  0.975659360397641     
  0.988148114908898     
  0.987325499979210     
  0.986676900982085     
  0.986078615527984     
  0.985188659154232     
  0.984083923101096     
  0.982986045683527     
  0.982281761346947     
  0.982338877454768     
  0.983016767924154     
  0.983695470430738     
  0.983806093741242     
  0.984070933284768     
  0.984870302828185     
  0.986314469761426     
  0.972831321942740     
  0.935171757604540     
  0.864079756437234     
  0.681406820657153     
  0.570612656592268     
  0.494474672775326     
  0.336065074279762     
  0.210320956689803     
  2.356739830596342E-002
  2.295261192651336E-002
  2.268306325727440E-002
  2.283081518625460E-002
  2.327887832039254E-002
  2.407564286259625E-002
  2.351521393631320E-002
  2.278395668060385E-002
  2.255025090099458E-002
  2.247404875545318E-002
  2.245309559889011E-002
  2.243330354332990E-002
  2.241694401430991E-002
  2.243309362215120E-002
  2.249802194464666E-002
  2.263668372562977E-002
  2.295037768576443E-002
  2.345018310276615E-002
  2.383107667433187E-002
  2.436251092444847E-002
  2.443082949522562E-002
  2.295206309273512E-002
  0.992750141545213     
  0.980305414948195     
  2.328246740739897E-002
  2.279894475484593E-002
  2.280858679662828E-002
  2.331555125516862E-002
  2.403913342475681E-002
  2.358463586808741E-002
  0.983771255790300     
  0.989905494909741     
  0.984731179663730     
  0.971260246686933     
  0.885266489514103     
  0.756550865650126     
  0.903394116974386     
  0.983949044943290     
  0.988563950888486     
  0.987828211101987     
  0.987892244890340     
  0.987339396396084     
  0.986808963748940     
  0.986283891545895     
  0.985679831588747     
  0.985038885939882     
  0.984499920360657     
  0.984233843218095     
  0.984352025272800     
  0.984888243953169     
  0.985432207924955     
  0.983648409006626     
  0.981480720673110     
  0.977582686505897     
  0.967466428167845     
  0.823045490531470     
  0.546356703164680     
  2.309267628562081E-002
  2.304846343840937E-002
  0.389810179091509     
  0.478063470356467     
  0.420694994652713     
  0.320775480556988     
  0.217221612764697     
  2.356523217077388E-002
  2.275770726237587E-002
  2.258558976026146E-002
  2.258948865823258E-002
  2.263672635440356E-002
  2.263567161702748E-002
  2.253138546983617E-002
  2.245021429582660E-002
  2.241574881676747E-002
  2.243680160037031E-002
  2.250133413214359E-002
  2.261325096141837E-002
  2.275909571216549E-002
  2.291546952406485E-002
  2.316039912906715E-002
  2.385225571833335E-002
  0.191979973445770     
  0.274726605777635     
  0.292089642269292     
  0.206127074642883     
  2.270509876777374E-002
  0.993050974412025     
  0.981598671499605     
  2.301677493961143E-002
  2.275601970324385E-002
  2.289639751307404E-002
  2.364149724553678E-002
  0.719718376924326     
  0.983480300774783     
  0.992003794015092     
  0.989081402570589     
  0.984053234446265     
  0.972307674222161     
  0.946714459533885     
  0.952386975468197     
  0.981021650537314     
  0.990506632394291     
  0.988875684602989     
  0.988039972254321     
  0.987640368539558     
  0.987261028172506     
  0.986905664999910     
  0.986555191740435     
  0.986184478190534     
  0.985827162314939     
  0.985586224905176     
  0.985523439684829     
  0.985611594221546     
  0.986408945598573     
  0.988173249226063     
  0.974974024386007     
  0.927275491507429     
  0.770754204820531     
  2.300187242015042E-002
  2.330009565432601E-002
  0.284544752533343     
  0.213886393729471     
  2.307261681768485E-002
  2.326562012634141E-002
  0.251695657395678     
  0.326882362721493     
  0.310917635360038     
  0.244114950126163     
  2.391548203082278E-002
  2.273811391262982E-002
  2.250579046231813E-002
  2.246031291194941E-002
  2.249332736331643E-002
  2.255947448688278E-002
  2.258243615033071E-002
  2.254857214970764E-002
  2.254818298500361E-002
  2.269369216461323E-002
  2.295094062924154E-002
  2.336648049256058E-002
  2.385594372363022E-002
  2.383011469663378E-002
  2.399376824597125E-002
  0.234186689477854     
  0.388157810541531     
  0.401136500764093     
  0.312679374347200     
  2.400002795211693E-002
  2.253154067735515E-002
  0.993201328780623     
  0.985133888219369     
  2.300110002718428E-002
  2.280675780146492E-002
  2.310211352906390E-002
  0.915192199030391     
  0.979025941230869     
  0.991009594759274     
  0.990427303920770     
  0.988371577794948     
  0.984970337519917     
  0.979944028144055     
  0.976590482895412     
  0.980355945921281     
  0.984899813271036     
  0.987756724820074     
  0.987808296751539     
  0.987561696151251     
  0.987346215173546     
  0.987159489810938     
  0.987001470807281     
  0.986847415485785     
  0.986659928112373     
  0.986454051851620     
  0.986405478229017     
  0.986496420557310     
  0.985562211676053     
  0.984728406488764     
  0.976967391585219     
  0.837779554946919     
  0.552803392879429     
  0.219974887249065     
  2.361135001534913E-002
  2.309940869156129E-002
  2.347977931803938E-002
  2.426082724275457E-002
  2.325405127400573E-002
  2.317465421387054E-002
  2.369969523650580E-002
  2.399528107617978E-002
  2.410206147931917E-002
  2.407705518617594E-002
  2.307518239768696E-002
  2.257044532742346E-002
  2.253162075491178E-002
  2.265342868211496E-002
  2.285922663185933E-002
  2.304804996933926E-002
  2.306452728520006E-002
  2.287849374012514E-002
  2.278756651089668E-002
  2.326710409114927E-002
  2.426440356097473E-002
  2.457229746348975E-002
  0.184579069333751     
  0.201443497119695     
  0.266821225116340     
  0.479285494785139     
  0.493016321745469     
  0.380252842499255     
  0.190800289104356     
  2.329923685076214E-002
  2.250163023695533E-002
  0.988646872490237     
  0.976918346685949     
  0.678741259354367     
  2.313993311063610E-002
  0.958369635884244     
  0.986420794056772     
  0.988768147064237     
  0.989989771145485     
  0.989664549668450     
  0.988388932356065     
  0.986432851964428     
  0.984308120275520     
  0.983339109665568     
  0.984161726174708     
  0.985538570815275     
  0.986689754558575     
  0.987021772891810     
  0.987051368364190     
  0.987031657803604     
  0.987047216595870     
  0.987113236580888     
  0.987182212752685     
  0.987139031519886     
  0.986880423183374     
  0.986988955265965     
  0.987509436946282     
  0.968510690646092     
  0.875172001064833     
  2.304920844582811E-002
  2.320625554174095E-002
  0.299653814635836     
  0.253789606485314     
  2.440926302015266E-002
  2.303687838002831E-002
  2.287775740388527E-002
  2.285796945195773E-002
  2.273884348437915E-002
  2.268815494849884E-002
  2.273680469313246E-002
  2.274802292260045E-002
  2.266900660318327E-002
  2.256009513322194E-002
  2.250265879344900E-002
  2.256652043203090E-002
  2.283098260469774E-002
  2.337425454637237E-002
  2.436334258130275E-002
  2.498269413046582E-002
  2.541543800346313E-002
  2.356308230463912E-002
  2.284985652055968E-002
  2.347451732581173E-002
  0.218199039510339     
  0.250467614024150     
  0.238433660499944     
  0.365782873188565     
  0.581703215900862     
  0.576212358719374     
  0.433780518508219     
  0.219385734470638     
  2.365705956783807E-002
  2.304793394687988E-002
  2.248715953308495E-002
  0.984707076879302     
  0.966174658107980     
  0.791095453322347     
  0.968185563796868     
  0.988983332711570     
  0.989570060915504     
  0.989896573490216     
  0.990096549257145     
  0.989750861692151     
  0.988889044460556     
  0.987691451873227     
  0.986498538529115     
  0.985779132542873     
  0.985706586100820     
  0.986007238798925     
  0.986356600825360     
  0.986519085098690     
  0.986588846327329     
  0.986693313770557     
  0.986909455756470     
  0.987251609897590     
  0.987640964585572     
  0.987793166577400     
  0.986551564150474     
  0.984960020567660     
  0.971132659955628     
  0.694453352457954     
  0.231842354750117     
  2.389694762660097E-002
  2.303198766614467E-002
  2.338347295709584E-002
  2.445137419554474E-002
  2.350196163974102E-002
  2.278091598671481E-002
  2.258666232957265E-002
  2.252738301488873E-002
  2.248507205435190E-002
  2.245213172703420E-002
  2.243595150612780E-002
  2.242348253536386E-002
  2.241661503170924E-002
  2.244905781198680E-002
  2.258099182336762E-002
  2.299748580313368E-002
  2.369189424157412E-002
  2.430965698155175E-002
  0.238084770919697     
  0.300178466850749     
  0.248335907344437     
  2.363139392301939E-002
  2.268519904581750E-002
  2.283814628087888E-002
  0.209318684294137     
  0.344132445987589     
  0.530200871321253     
  0.724711575155182     
  0.682547525523056     
  0.499411068155279     
  0.305710146589336     
  0.205848276521265     
  2.601347946437961E-002
  2.305967464907891E-002
  2.248515784051061E-002
  0.985573542451984     
  0.978832583755119     
  0.971155493212183     
  0.987672947279272     
  0.990141397676313     
  0.990693668844089     
  0.990827529174156     
  0.990712217810941     
  0.990296579120238     
  0.989594066568283     
  0.988701263610265     
  0.987789511708927     
  0.987052237397889     
  0.986581432776698     
  0.986327033814160     
  0.986185281371631     
  0.986086633434541     
  0.986075489723055     
  0.986243400814739     
  0.986665977287501     
  0.987375538985442     
  0.988330424082429     
  0.989086611906017     
  0.972259321732234     
  0.891339792870514     
  2.333232425763850E-002
  2.349700739162416E-002
  2.404149310485365E-002
  2.336616909405418E-002
  2.281531018051819E-002
  2.271121623625314E-002
  2.270735419456526E-002
  2.262728937897540E-002
  2.251652276925269E-002
  2.250030573047535E-002
  2.252583566249240E-002
  2.253038657055878E-002
  2.249556481908869E-002
  2.246339883696577E-002
  2.248330057000512E-002
  2.257544350793743E-002
  2.272320088278188E-002
  2.292589599814215E-002
  2.357072880255374E-002
  0.196476281285893     
  0.266157711563007     
  0.384769443647414     
  0.361860043755473     
  0.210686222338269     
  2.282950344180691E-002
  2.263821519279708E-002
  2.280817324967470E-002
  2.308770016151496E-002
  0.772465083700272     
  0.899389003668894     
  0.786071069869549     
  0.558263023200287     
  0.405317848544095     
  0.331057428738903     
  0.264445052764303     
  0.197707411975227     
  2.331608741882033E-002
  2.250302628592234E-002
  0.990287044594186     
  0.989272294007660     
  0.989042979387706     
  0.990825884731744     
  0.991721762958681     
  0.991942884178262     
  0.991841288547469     
  0.991531126670427     
  0.991028594095784     
  0.990348563910773     
  0.989537455881637     
  0.988673951467859     
  0.987844740353487     
  0.987105262378325     
  0.986467140709115     
  0.985928113568301     
  0.985518460470396     
  0.985334935437644     
  0.985506105160762     
  0.986119746056261     
  0.987216178849670     
  0.988510609960209     
  0.977857326053415     
  0.698350423360679     
  2.384694386125029E-002
  2.311484407564296E-002
  2.284476885957165E-002
  2.277260805804141E-002
  2.267958157638859E-002
  2.254778677615331E-002
  2.248384570550757E-002
  2.246900958586069E-002
  2.249622290154987E-002
  2.260831958587502E-002
  2.280852279908551E-002
  2.298413981798171E-002
  2.300429044879390E-002
  2.284755561878019E-002
  2.271146885768446E-002
  2.278753449256253E-002
  2.311596925832351E-002
  2.348636963731773E-002
  2.359826880305938E-002
  9.338265584013540E-002
  0.286508167987575     
  0.451966586285960     
  0.458823478448091     
  0.299615183931950     
  2.286296477815979E-002
  2.264749239073465E-002
  2.273518933417972E-002
  2.315624686466140E-002
  0.846994040095847     
  0.952783892119337     
  0.899290720420160     
  0.515961577204673     
  0.357306317253138     
  0.323975389003692     
  0.308594736584441     
  0.265173122349857     
  0.206828640312408     
  2.352660138271947E-002
  2.253204168528880E-002
  0.993963904490753     
  0.993742488661651     
  0.993482824279275     
  0.993480775598207     
  0.993432676567348     
  0.993223033693888     
  0.992871542595579     
  0.992396337157414     
  0.991798498982722     
  0.991079388484952     
  0.990252983571578     
  0.989346593827969     
  0.988391312809123     
  0.987409894637487     
  0.986418065783432     
  0.985450700885761     
  0.984610774513939     
  0.984110570458834     
  0.984199398521673     
  0.984827550265487     
  0.984360009892046     
  0.952632873647746     
  2.297636561221145E-002
  2.331439504744690E-002
  2.299483304393589E-002
  2.272760329653956E-002
  2.259057213249971E-002
  2.253785700702068E-002
  2.252844355189452E-002
  2.253563951706652E-002
  2.255004254203130E-002
  2.259385284205998E-002
  2.274837110823391E-002
  2.323347593315314E-002
  2.415703458635821E-002
  2.473145312013580E-002
  2.520857981202438E-002
  2.366959026588715E-002
  2.301330713785330E-002
  2.318650764939278E-002
  2.403113056771129E-002
  0.163101824949234     
  0.179638409232332     
  0.227944745206295     
  0.488760102009876     
  0.548595383374430     
  0.406118106775472     
  2.275729579188200E-002
  2.260815737794190E-002
  2.284528541953318E-002
  2.239916334509199E-002
  0.891229975983092     
  0.962599245864396     
  0.879404324756994     
  2.275377879539306E-002
  2.299152896986926E-002
  2.315809445083911E-002
  2.341214651617715E-002
  0.166329974493219     
  0.178758274791101     
  2.413377612124281E-002
  2.309749581853652E-002
  2.251521979423202E-002
  0.996305034561092     
  0.996132453716059     
  0.995728552119873     
  0.995289908040938     
  0.994837848846475     
  0.994350860876613     
  0.993812502673127     
  0.993209120015852     
  0.992526313344829     
  0.991751537005115     
  0.990876608683833     
  0.989896036208795     
  0.988800981485678     
  0.987573044770871     
  0.986187916015201     
  0.984647657181554     
  0.983077058569988     
  0.981896624522226     
  0.981587063992748     
  0.978773757019570     
  0.924439927282309     
  2.304842618198611E-002
  2.272674783409615E-002
  2.262460939060475E-002
  2.262147990499002E-002
  2.259519883919857E-002
  2.259112262344433E-002
  2.263787426544275E-002
  2.275395345793902E-002
  2.287461350993848E-002
  2.292013080788972E-002
  2.295142630040181E-002
  2.316408572025356E-002
  2.407369528759774E-002
  0.219081035180220     
  0.277921869585802     
  0.243628157136127     
  2.383576535942324E-002
  2.298606666933024E-002
  2.347587392835102E-002
  0.196719247914921     
  0.229741292832605     
  0.290060633380978     
  0.521831091728432     
  0.621495827578190     
  0.537703031561021     
  2.224751743520119E-002
  2.264984423492590E-002
  2.255278225357576E-002
  0.568284263321931     
  0.930394339293314     
  0.969010835801737     
  0.882081363220064     
  2.317647785324368E-002
  2.281662675568907E-002
  2.264630767384538E-002
  2.260047433878064E-002
  2.258108849796675E-002
  2.264582066762151E-002
  2.291116176810541E-002
  2.289825187538247E-002
  2.269413554532002E-002
  2.245229013224674E-002
  0.997831437361818     
  0.997617670455828     
  0.997107361153966     
  0.996505796824551     
  0.995881453938984     
  0.995249219827347     
  0.994599181650979     
  0.993912997296048     
  0.993169813488421     
  0.992348107398494     
  0.991424936198962     
  0.990371629478771     
  0.989144782568772     
  0.987671894044128     
  0.985832443653157     
  0.983446108260706     
  0.980345199772991     
  0.976621818682950     
  0.967316222422692     
  0.878402587456984     
  2.277607912963846E-002
  2.262490887071935E-002
  2.261354742951576E-002
  2.265090272442649E-002
  2.272510899074652E-002
  2.280472290032265E-002
  2.288899679862904E-002
  2.308716272543595E-002
  2.354597720851890E-002
  2.388814754887048E-002
  2.379154181467364E-002
  2.346593322722575E-002
  2.442245005541673E-002
  0.227722910893575     
  0.350963313666573     
  0.354551365426091     
  0.227586313032992     
  2.291523117752262E-002
  2.311872541834686E-002
  2.338252961117603E-002
  0.389217306723514     
  0.598692351288143     
  0.762403950215157     
  0.821474800411379     
  0.803328284386742     
  0.772462577719316     
  0.857058262899166     
  0.885982355822102     
  0.935478404880735     
  0.943930287941005     
  0.959834202902249     
  0.858976711105630     
  2.300770699486070E-002
  2.276111217098146E-002
  2.267193911744540E-002
  2.255702218656870E-002
  2.249937578147978E-002
  2.249066844940402E-002
  2.253165656957948E-002
  2.262931805982279E-002
  2.273396821980253E-002
  2.267134764472100E-002
  2.246110544502216E-002
  0.998891963453084     
  0.998590517398664     
  0.997981239765671     
  0.997297103782717     
  0.996601413050838     
  0.995908483333492     
  0.995208864210249     
  0.994483732282211     
  0.993710346530102     
  0.992862821386826     
  0.991909685878194     
  0.990807211119986     
  0.989485086057091     
  0.987815539936482     
  0.985539119396232     
  0.982051526595306     
  0.975575886157463     
  0.956152272193342     
  0.832443674809505     
  2.271132265051085E-002
  2.261949214928230E-002
  2.275129954289470E-002
  2.292845628238271E-002
  2.312769130689953E-002
  2.333048522830435E-002
  2.349526642472552E-002
  2.352975786624053E-002
  2.382810949595603E-002
  0.204418523745685     
  0.225684010197914     
  0.181963421162357     
  0.135572489172196     
  0.242820288035656     
  0.466397411095647     
  0.495733485428296     
  0.387509025008976     
  2.286946483878219E-002
  2.284631716591231E-002
  0.619267519404088     
  0.824322339940709     
  0.918796215228720     
  0.945680759121061     
  0.957579658352590     
  0.955492133238102     
  0.948843353974421     
  0.952835171669037     
  0.970350354495297     
  0.973970589967967     
  0.976810228438570     
  0.958748235449877     
  0.834388304022600     
  0.363992370191289     
  2.283926381457444E-002
  2.310554803085998E-002
  2.284539434982527E-002
  2.267886181225019E-002
  2.267413360997777E-002
  2.281999580518291E-002
  2.311092523452096E-002
  2.344930956064872E-002
  2.379461787136767E-002
  2.315286892604958E-002
  2.255687824154927E-002
  0.999651771970240     
  0.999159897120774     
  0.998451403802275     
  0.997737170179860     
  0.997038106153159     
  0.996345862872503     
  0.995645698002060     
  0.994919352071604     
  0.994145105754606     
  0.993296646154408     
  0.992339866654256     
  0.991225586773794     
  0.989873476691439     
  0.988134052858819     
  0.985684913461627     
  0.981679065925248     
  0.973155899907817     
  0.946954691835471     
  0.908676100073129     
  0.952854389152200     
  0.942715557452552     
  0.942861750535472     
  0.943871504382076     
  0.944937822711015     
  0.945717800927867     
  0.946035891230780     
  0.945892217527857     
  0.945815807376596     
  0.941642383454532     
  0.935774229876133     
  0.933663393446035     
  0.934474577409683     
  0.934958587939732     
  0.910574947989922     
  0.879989136314546     
  0.883758682520714     
  0.930761383994372     
  0.964896754058136     
  0.966394729056771     
  0.973911198280529     
  0.979715979967976     
  0.980310812124248     
  0.979390496553075     
  0.975937678074102     
  0.973653650474975     
  0.974965352227742     
  0.978106415186568     
  0.971733585112596     
  0.959395205410154     
  0.921423126165262     
  0.878440553065829     
  0.895058258631950     
  0.748351362104077     
  0.475637346138331     
  2.292120116900114E-002
  2.298849185456713E-002
  2.328996022205789E-002
  0.211729435673782     
  0.255777502693012     
  0.257962290718979     
  0.215195110672382     
  2.375062099751201E-002
  2.258217306313953E-002
  0.999261542125273     
  0.998961035504683     
  0.998435822411961     
  0.997851847359040     
  0.997234545609892     
  0.996595195034934     
  0.995931663804051     
  0.995233091280449     
  0.994482219322238     
  0.993655530819520     
  0.992721236076117     
  0.991634118004361     
  0.990324524817202     
  0.988675174534387     
  0.986472106951740     
  0.983312382813536     
  0.978584553330505     
  0.972876914989113     
  0.972583386780779     
  0.983956378920149     
  0.984329394618303     
  0.984644862581978     
  0.984934400779162     
  0.985176257001174     
  0.985344832425221     
  0.985415039654755     
  0.985376165223060     
  0.985246834960026     
  0.984542083526062     
  0.983623162978370     
  0.983092968434653     
  0.982712524427402     
  0.981505919022986     
  0.975969608965727     
  0.971383760528700     
  0.973113870724615     
  0.980543912893493     
  0.985301491428207     
  0.983019900856543     
  0.982246541058033     
  0.982449461573061     
  0.982518808237629     
  0.982855186043806     
  0.970187441783872     
  0.950317339589003     
  0.926310726149274     
  0.923672348935800     
  0.868819637491772     
  0.809746694697549     
  0.757964414154582     
  0.771105293281631     
  0.897155768997680     
  0.872416276733146     
  0.826471043963018     
  0.761296820164905     
  0.599033672789696     
  0.501926674120446     
  0.423972966566382     
  0.358897303989455     
  0.296307551035557     
  0.212978494956436     
  2.352203889664621E-002
  2.253931027918230E-002
  0.998772603372905     
  0.998731132647853     
  0.998304675960368     
  0.997817964996686     
  0.997284004451711     
  0.996711498323764     
  0.996101589399421     
  0.995447794149892     
  0.994736776960757     
  0.993948673031875     
  0.993056440694158     
  0.992023965550959     
  0.990802766100602     
  0.989328347644912     
  0.987524442824498     
  0.985353197217860     
  0.983030558625657     
  0.981501029569063     
  0.982086415659309     
  0.984428473393999     
  0.985436008007487     
  0.985956594485004     
  0.986307736150380     
  0.986572499121091     
  0.986759954092028     
  0.986849734121259     
  0.986813211800250     
  0.986621396956643     
  0.986203987635027     
  0.985627684166793     
  0.984955101971066     
  0.984037668146095     
  0.982496232447291     
  0.979945485380182     
  0.977723197915873     
  0.976932990041667     
  0.978027670032315     
  0.979702402309806     
  0.979736197211489     
  0.979815342057958     
  0.978343322038933     
  0.964390472726717     
  0.951609425157445     
  0.846964033308073     
  0.721227838876362     
  0.502147858847851     
  2.329480513495588E-002
  2.314562883792675E-002
  2.338199970352094E-002
  2.357015468575588E-002
  0.171933231805206     
  0.303366671492293     
  0.614926307767817     
  0.773041088616743     
  0.793218824577464     
  0.698859340865941     
  0.600582222958571     
  0.480976065033453     
  0.366823353034018     
  0.267732173549385     
  0.176098393756596     
  2.342575434924738E-002
  2.251401602129043E-002
  0.998223657725328     
  0.998449197700031     
  0.998113328763722     
  0.997708301961326     
  0.997248448412666     
  0.996741668851537     
  0.996189940207738     
  0.995588674556150     
  0.994926831200682     
  0.994187371246014     
  0.993347699687986     
  0.992380505534873     
  0.991256231955840     
  0.989949890793873     
  0.988459699251966     
  0.986855096076341     
  0.985363955962945     
  0.984408085561782     
  0.984321012574288     
  0.984905506029631     
  0.985500705207703     
  0.985981859512349     
  0.986381432540527     
  0.986721294355232     
  0.986991464215487     
  0.987147147624018     
  0.987130886088971     
  0.986922878850270     
  0.986516594551981     
  0.985918350903071     
  0.985093068179070     
  0.983895117994532     
  0.982052727655034     
  0.979276959452617     
  0.975539221899697     
  0.970823857413122     
  0.965769855594311     
  0.961528502209301     
  0.956409479186560     
  0.941957031577426     
  0.893078713753058     
  0.637097925023100     
  2.307453827832439E-002
  2.299199017155325E-002
  2.350802850133873E-002
  0.281323211982088     
  0.213391851535099     
  2.320279489337152E-002
  2.298113356275190E-002
  2.311330998520222E-002
  2.343418153877794E-002
  2.389822793958305E-002
  0.178701384623853     
  0.260298971340255     
  0.459852186667223     
  0.556001758464978     
  0.548618291600460     
  0.484150738072674     
  0.387676020265685     
  0.280510282236484     
  0.179596852647143     
  2.344158096442447E-002
  2.251759246414810E-002
  0.997728481679259     
  0.998164655759055     
  0.997900420340264     
  0.997562861812966     
  0.997166361285311     
  0.996719466287257     
  0.996225006744948     
  0.995678913844985     
  0.995070747583514     
  0.994384625019889     
  0.993600222655993     
  0.992695186499451     
  0.991651023489523     
  0.990463550590537     
  0.989157581955881     
  0.987811074546168     
  0.986580259132676     
  0.985680524569289     
  0.985271255581942     
  0.985321946194460     
  0.985631573082037     
  0.986043054831406     
  0.986473473496406     
  0.986903669773831     
  0.987306908086225     
  0.987587987168483     
  0.987605393293920     
  0.987378082340945     
  0.986949222596396     
  0.986329552911182     
  0.985465134937002     
  0.984191057341839     
  0.982163415068730     
  0.978754137201139     
  0.972734240611178     
  0.960216986831174     
  0.928640808671079     
  0.858464831301611     
  0.755980427741986     
  0.587340670673570     
  2.278439318353720E-002
  2.318471376142715E-002
  2.289798580655341E-002
  2.273503573515496E-002
  2.280259916190777E-002
  2.309384920662008E-002
  2.384036778078757E-002
  2.307303794589325E-002
  2.276870741631100E-002
  2.275396025454110E-002
  2.289305391105855E-002
  2.321930151769767E-002
  2.367501874084022E-002
  2.409878996970548E-002
  0.179506314094176     
  0.229579240443816     
  0.320523321868259     
  0.381942332080138     
  0.372255826435433     
  0.316638081498093     
  0.224946410021661     
  2.358730070075439E-002
  2.255346490870077E-002
  0.997314038108831     
  0.997908552915454     
  0.997694489094878     
  0.997408298705958     
  0.997062598491978     
  0.996667862849139     
  0.996228268308667     
  0.995738349891039     
  0.995186220540188     
  0.994555255147722     
  0.993824368833439     
  0.992970509910311     
  0.991977746859209     
  0.990852049439306     
  0.989626149472260     
  0.988366045515507     
  0.987179635767293     
  0.986211689400950     
  0.985605007785846     
  0.985432181934376     
  0.985642328355582     
  0.986077981187375     
  0.986557169316027     
  0.987104175562195     
  0.987739537727972     
  0.988286423677799     
  0.988305696419059     
  0.988004936558766     
  0.987526903144289     
  0.986917314268471     
  0.986139727388220     
  0.985038893812700     
  0.983209877737623     
  0.979746456931649     
  0.973469030294930     
  0.959714357548475     
  0.917684409581946     
  0.787254183254513     
  0.517685601130060     
  2.291196961133228E-002
  2.267524227074017E-002
  2.265293239056438E-002
  2.267044284440782E-002
  2.258564786501673E-002
  2.253342075296859E-002
  2.254004962518769E-002
  2.259909266185738E-002
  2.260481600878557E-002
  2.257340901100012E-002
  2.255824073523967E-002
  2.258376820018036E-002
  2.269567760999629E-002
  2.289238867327371E-002
  2.321302238388347E-002
  2.363185153304967E-002
  2.365632742130212E-002
  2.383408674834482E-002
  0.194089640967068     
  0.251912397840785     
  0.269657197881606     
  0.229798956480140     
  2.396873051690818E-002
  2.261605008218876E-002
  0.996983422532733     
  0.997695566010452     
  0.997513500652501     
  0.997261707977859     
  0.996951377879241     
  0.996600173992766     
  0.996215174613655     
  0.995783893275475     
  0.995290327002475     
  0.994716195964955     
  0.994036781758075     
  0.993220466474254     
  0.992243297699372     
  0.991122775125321     
  0.989899112278143     
  0.988623190692178     
  0.987363076219992     
  0.986228118112800     
  0.985396741774094     
  0.985086851858849     
  0.985389503786120     
  0.986066806484485     
  0.986549006940605     
  0.987174745240156     
  0.988219770009545     
  0.989442476749746     
  0.989250646504551     
  0.988732767623622     
  0.988148711920621     
  0.987564007209555     
  0.986980942739251     
  0.986325471714767     
  0.985232992997024     
  0.982018593453195     
  0.977403882908114     
  0.970941617020827     
  0.961039614179392     
  0.940877490790081     
  0.877376474750552     
  0.686446836662233     
  2.277086683774922E-002
  2.320023533450877E-002
  2.294084589632870E-002
  2.269060421122414E-002
  2.255153460894788E-002
  2.251340150007290E-002
  2.256402939700371E-002
  2.266588608732207E-002
  2.272048496870440E-002
  2.267052880378310E-002
  2.253125204351577E-002
  2.248501739580140E-002
  2.252022210454370E-002
  2.260597976072297E-002
  2.270273647286822E-002
  2.277317162631964E-002
  2.288851939409590E-002
  2.311931938354865E-002
  2.336496589079039E-002
  2.369900534368011E-002
  2.411437276894391E-002
  2.328279721552104E-002
  2.259861716726716E-002
  0.996736500135471     
  0.997532908479430     
  0.997369135148252     
  0.997133637103654     
  0.996834995008204     
  0.996517920161747     
  0.996196915348899     
  0.995831236502311     
  0.995399738112075     
  0.994886278151894     
  0.994261757015507     
  0.993472782507955     
  0.992460910818754     
  0.991282614003476     
  0.990001513226505     
  0.988647980207300     
  0.987224974704351     
  0.985765363823983     
  0.984480625972227     
  0.983920518944834     
  0.984640585170611     
  0.986278748815086     
  0.986291690332749     
  0.986550413604156     
  0.988179839248022     
  0.991347699705309     
  0.989961877208143     
  0.988866974900711     
  0.987979868254068     
  0.987293432400499     
  0.986876485703102     
  0.986905969090506     
  0.987716860092470     
  0.983440424089154     
  0.979680671266866     
  0.977467161525036     
  0.976633913556238     
  0.975368403703680     
  0.973274054398133     
  0.960832719766466     
  0.907541569767942     
  0.557548060890618     
  2.363161617021472E-002
  2.298814810029518E-002
  2.275005880635561E-002
  2.279475677091889E-002
  2.311571292651490E-002
  2.369065409701090E-002
  2.454568944774862E-002
  2.352414800139226E-002
  2.274009544826804E-002
  2.249917576421714E-002
  2.242296891186128E-002
  2.241024951225601E-002
  2.241678595406286E-002
  2.242403152043970E-002
  2.243827315598170E-002
  2.247371816340197E-002
  2.254193364762550E-002
  2.263357664880837E-002
  2.270910419709895E-002
  2.266114429118335E-002
  2.247051260105083E-002
  0.996573432587574     
  0.997425629280490     
  0.997273059548478     
  0.997035483086327     
  0.996694851329183     
  0.996400508494820     
  0.996187583644553     
  0.995898715770343     
  0.995529477651212     
  0.995083305138307     
  0.994532983361800     
  0.993782820855824     
  0.992636757006962     
  0.991311495675875     
  0.989934035766385     
  0.988499506907903     
  0.986878759944561     
  0.984850359724615     
  0.982349406718752     
  0.980461494604069     
  0.982015671597768     
  0.987446096636061     
  0.983830285388540     
  0.979379175845074     
  0.977612271141275     
  0.981993672863204     
  0.971534998247722     
  0.965716762247073     
  0.961102403737673     
  0.957741997656930     
  0.956234043188749     
  0.958008873322517     
  0.970103369960603     
  0.963202665971774     
  0.962435022131614     
  0.970947767567062     
  0.980932340136051     
  0.980618255850356     
  0.980805165005866     
  0.981356054384223     
  0.979766850076697     
  0.949929676693651     
  0.810738342667970     
  2.314842038567167E-002
  2.299350039154179E-002
  2.337993124041140E-002
  0.246978122619403     
  0.304028098028793     
  0.256348000186952     
  2.452747521051896E-002
  2.294809089238080E-002
  2.262200401842484E-002
  2.251996372217304E-002
  2.249832724130404E-002
  2.250678495596586E-002
  2.252014793450153E-002
  2.251987040722463E-002
  2.251643137390295E-002
  2.253692649955387E-002
  2.259208009010083E-002
  2.265115540888957E-002
  2.261397311584980E-002
  2.244357057329372E-002
  0.996492383382887     
  0.997377075472544     
  0.997244294166904     
  0.997008157116087     
  0.996453397818094     
  0.996163572667858     
  0.996238042618999     
  0.996013116589960     
  0.995685832572154     
  0.995312302163248     
  0.994888513792709     
  0.994284708680080     
  0.992728016660036     
  0.991101943644451     
  0.989640869397151     
  0.988257363494739     
  0.986618865262037     
  0.983967916197940     
  0.978451833569641     
  0.967980230183335     
  0.962862038985451     
  0.970469741723953     
  0.930897882776779     
  0.864268964238979     
  0.694274412617313     
  2.325666389347751E-002
  2.318287495386356E-002
  2.343306726210431E-002
  2.363348026818897E-002
  2.376624026106239E-002
  2.378092474181254E-002
  2.357958818563882E-002
  2.351917721497373E-002
  0.582019811097472     
  0.735422713925734     
  0.839814246204856     
  0.942992390151126     
  0.961736110909595     
  0.976086661156748     
  0.981772610491491     
  0.983141051062536     
  0.983626011277170     
  0.980395687929515     
  0.968517043880853     
  0.791433232416984     
  0.556005664912266     
  0.418078505388376     
  0.342057213757551     
  0.227003960269369     
  2.361297570155895E-002
  2.293630785320344E-002
  2.277157063705263E-002
  2.278193084780134E-002
  2.285114899051204E-002
  2.298503097922299E-002
  2.318489999047836E-002
  2.326403641625365E-002
  2.329075333599466E-002
  2.334484040272694E-002
  2.350501274363708E-002
  2.371301275373240E-002
  2.308546106839314E-002
  2.253092520849185E-002
  0.996455343223896     
  0.997365816989114     
  0.997288627591208     
  0.997219413951252     
  0.995779982814430     
  0.995443167114999     
  0.996549946448957     
  0.996165328015408     
  0.995804816083031     
  0.995487705130826     
  0.995268135139908     
  0.995274151106028     
  0.992425834695748     
  0.990246385411771     
  0.988910063019430     
  0.987977656838208     
  0.986949570909241     
  0.984892639607135     
  0.977068663098662     
  0.948470662066387     
  0.789693222443762     
  2.273906709840831E-002
  2.259871723830715E-002
  2.273110049349944E-002
  2.331082363428851E-002
  2.298593988598380E-002
  2.279558548073353E-002
  2.279856923164153E-002
  2.284454655695887E-002
  2.289665913577213E-002
  2.293194320468029E-002
  2.295436706380863E-002
  2.311178989919559E-002
  2.415237965806081E-002
  0.191264584033221     
  0.198825217726666     
  0.185250458392037     
  0.617605293060809     
  0.858356238850875     
  0.945532173934621     
  0.972271147943746     
  0.984329580742342     
  0.985282431509180     
  0.986414781803123     
  0.968800003772320     
  0.895156547394433     
  0.632017498803331     
  0.219477430352529     
  2.339519678255515E-002
  2.301747771515742E-002
  2.293778257955569E-002
  2.303482129004722E-002
  2.331196138048223E-002
  2.351636427655959E-002
  2.361954669093033E-002
  0.176596771400701     
  0.218767040309921     
  0.239961004559117     
  0.257567669881694     
  0.255532021902737     
  0.212357692950276     
  2.370469191847561E-002
  2.256609446944357E-002
  0.991813161354221     
  0.994156246485739     
  0.994060106512200     
  0.994822282247992     
  0.992038752872267     
  0.990921392406329     
  0.993393324681145     
  0.991290877802036     
  0.990217136496374     
  0.989393698556856     
  0.989076132189949     
  0.991546247681091     
  0.988214834207737     
  0.985786014728649     
  0.986204002410693     
  0.986691845183941     
  0.987204110348332     
  0.988330256337610     
  0.981660975357292     
  0.971266411786745     
  0.944517176352446     
  0.837609926451151     
  2.283103948601269E-002
  2.263058087612366E-002
  2.263832683711129E-002
  2.268045961497417E-002
  2.262402216279876E-002
  2.258466157072219E-002
  2.256467573812444E-002
  2.256859469058853E-002
  2.257465413797852E-002
  2.260184432043497E-002
  2.271244139466692E-002
  2.306029059098021E-002
  2.350650783932421E-002
  2.363590607628737E-002
  2.351830952084473E-002
  2.375554764961800E-002
  0.188066401675228     
  0.493750580348830     
  0.767009097726988     
  0.948016095394803     
  0.972379958751924     
  0.983174064345670     
  0.981947145789856     
  0.976802011056407     
  0.950324350126627     
  0.824568089153647     
  2.289415476510395E-002
  2.295443391351578E-002
  2.324143570860502E-002
  2.359681260532801E-002
  0.158742535109325     
  0.214231333739560     
  0.367330612465987     
  0.467070950507337     
  0.471569011636328     
  0.432696062477496     
  0.369792198294430     
  0.300744626364415     
  0.214324776718965     
  2.356955532243926E-002
  2.253445320040689E-002
  2.291249232532662E-002
  2.311493700813735E-002
  2.315557509405715E-002
  2.328346624430347E-002
  0.818080807945959     
  0.794457744906388     
  2.366131957194472E-002
  2.329332999559252E-002
  2.341039960933832E-002
  2.342171274683761E-002
  2.328865422344460E-002
  2.329360005807276E-002
  0.800556777550516     
  0.912665560088639     
  0.941812246706463     
  0.951836992977319     
  0.958871125753682     
  0.975875107317715     
  0.973323849321923     
  0.979540686401485     
  0.979337744027055     
  0.977207456345255     
  0.926441637650668     
  2.285568077722872E-002
  2.314284863018223E-002
  2.290782478021412E-002
  2.276344356784571E-002
  2.268948737793982E-002
  2.261419114972194E-002
  2.259302354220382E-002
  2.251898391589748E-002
  2.247674979240704E-002
  2.247421650342444E-002
  2.254627112564088E-002
  2.267323008843197E-002
  2.278964557929914E-002
  2.289081688979995E-002
  2.314517387180897E-002
  2.355789542062435E-002
  2.397821726113625E-002
  0.180141227519566     
  0.252297323062676     
  0.691580687013399     
  0.927232530298278     
  0.963796318541588     
  0.979098673932628     
  0.981398339523096     
  0.979604404075940     
  0.967291085813626     
  0.797214940231178     
  0.641194223375859     
  0.596933624731507     
  0.638160464635342     
  0.712008061472631     
  0.745416733212467     
  0.657476415914042     
  0.576358957853687     
  0.505288398186162     
  0.401704776502435     
  0.294542725976700     
  0.193223769079104     
  2.353632309018611E-002
  2.251844408591019E-002
  2.300626703068313E-002
  2.286734730027778E-002
  2.274253700839080E-002
  2.274344237251878E-002
  2.314025760149172E-002
  2.399693919335678E-002
  2.318251173459368E-002
  2.281572418823967E-002
  2.275529251419773E-002
  2.273134205799068E-002
  2.270440814708120E-002
  2.274545921886989E-002
  2.306253957602617E-002
  2.316408716179191E-002
  2.309622683295581E-002
  2.303961899311568E-002
  2.294619189283160E-002
  2.296031917331362E-002
  0.683466651861003     
  0.926863586544661     
  0.968146542495149     
  0.985866021425025     
  0.986405150902073     
  0.974532026381943     
  0.711156590867129     
  2.319840438210904E-002
  2.367172308456783E-002
  2.317333308563912E-002
  2.313106801119651E-002
  2.311801525803072E-002
  2.276410854728326E-002
  2.263812569129155E-002
  2.251643070652005E-002
  2.246616362501444E-002
  2.245548055579641E-002
  2.247361567715032E-002
  2.251926029282788E-002
  2.261966994797479E-002
  2.279784435553988E-002
  2.311558734863741E-002
  2.355312812252269E-002
  2.364220968689175E-002
  2.383224147885054E-002
  0.202455626844813     
  0.631619772968180     
  0.901181277502921     
  0.961103124316761     
  0.980374802768498     
  0.984459499265024     
  0.958926828338690     
  0.855456006334846     
  0.736083944371348     
  0.718405927643140     
  0.750684886725394     
  0.731867189447046     
  0.593075565365201     
  0.504023798653851     
  0.449934502381067     
  0.382011350468677     
  0.306691073182065     
  0.216048522380866     
  2.357264768241797E-002
  2.253566347622774E-002
  2.322584522790361E-002
  2.291989064427964E-002
  2.265149859058907E-002
  2.253951707361501E-002
  2.252567735406699E-002
  2.256561953350162E-002
  2.257219661201748E-002
  2.256054206446046E-002
  2.255051903913443E-002
  2.251252406270114E-002
  2.247451556359483E-002
  2.246079624111532E-002
  2.248141817707136E-002
  2.250544870267225E-002
  2.251204527248536E-002
  2.251561474423154E-002
  2.251747882049457E-002
  2.255223971530305E-002
  2.270338909402977E-002
  2.283144559642209E-002
  0.660038227241658     
  0.963343135204602     
  0.983282642318782     
  0.987390709117424     
  0.973584130220976     
  0.945884800249615     
  0.666321748251894     
  2.370267513122171E-002
  0.210283736628422     
  2.423991936788432E-002
  2.332887136940778E-002
  2.321251629312184E-002
  2.285207953595875E-002
  2.276113934948464E-002
  2.261661964642779E-002
  2.250397102830352E-002
  2.245754665375361E-002
  2.244077428445639E-002
  2.247075641137581E-002
  2.256459852142076E-002
  2.271259469629879E-002
  2.287759868719927E-002
  2.314958001094323E-002
  2.353086907171149E-002
  2.385439535268722E-002
  0.197602564854674     
  0.612133642925059     
  0.894034875525928     
  0.957644318235475     
  0.969932628711933     
  0.935515423561758     
  0.763722675823644     
  0.554018913997290     
  0.451123052063616     
  2.280868609614390E-002
  2.284773238245534E-002
  2.297014453118599E-002
  2.326667692515810E-002
  0.222817139353258     
  0.249197551400203     
  0.209989555250171     
  2.369424050614726E-002
  2.256814998243312E-002
  2.328509907066776E-002
  2.293679741463330E-002
  2.263257656456866E-002
  2.249726946481855E-002
  2.245450047595045E-002
  2.249115774870877E-002
  2.259798969706986E-002
  2.272714263661520E-002
  2.272265893456655E-002
  2.257654048913281E-002
  2.248084572562740E-002
  2.244208160955224E-002
  2.243601144839764E-002
  2.244299388515007E-002
  2.245208527739519E-002
  2.245376034924277E-002
  2.244067914816359E-002
  2.242138940504583E-002
  2.242580988506621E-002
  2.246660494362196E-002
  2.258481203061861E-002
  2.276671408413654E-002
  0.844283219220211     
  0.962003681891058     
  0.980577351248664     
  0.983094380750252     
  0.966553688195552     
  0.936458821917051     
  0.655827404733139     
  2.348370105745652E-002
  0.201809172906809     
  2.411137942644485E-002
  2.345106109919668E-002
  2.428286735850665E-002
  2.320769293603953E-002
  2.283938177340979E-002
  2.275621179848292E-002
  2.260377965381998E-002
  2.248588222994450E-002
  2.244858053679668E-002
  2.245579133335396E-002
  2.250664444660527E-002
  2.261607569579350E-002
  2.279754371141220E-002
  2.312086105115469E-002
  2.353452080203757E-002
  2.387134589187182E-002
  0.197145400164835     
  0.584629809185366     
  0.881796897805782     
  0.938207891535685     
  0.894293590478987     
  0.656391454706712     
  2.305348767449370E-002
  2.272526286487617E-002
  2.262044084649206E-002
  2.258316877867852E-002
  2.259205302011321E-002
  2.272910474355469E-002
  2.315271261941304E-002
  2.358722488286472E-002
  2.308568923174766E-002
  2.253650763851502E-002
  2.316103905283978E-002
  2.288630673477867E-002
  2.266815495461889E-002
  2.259520186316868E-002
  2.263779060457181E-002
  2.291731429576541E-002
  2.347935014848065E-002
  2.450301170955947E-002
  2.366284561626536E-002
  2.287739260773699E-002
  2.267697529109354E-002
  2.268099399644728E-002
  2.277123679909255E-002
  2.285078195771389E-002
  2.287897633523457E-002
  2.284463647653897E-002
  2.274262270633323E-002
  2.260517744346532E-002
  2.250909944598858E-002
  2.245913828216680E-002
  2.243303071036641E-002
  2.242961847888971E-002
  2.250200634713112E-002
  0.570546132081954     
  0.888977153777663     
  0.957279585504625     
  0.976308787061439     
  0.981836955760813     
  0.964025284700086     
  0.935561179214690     
  0.657842857404947     
  2.321966126200155E-002
  0.283248965980522     
  0.215837215831215     
  2.328349389411393E-002
  2.342656398337778E-002
  2.433987449662123E-002
  2.321016749036114E-002
  2.281994789448923E-002
  2.273192177023441E-002
  2.258457139949738E-002
  2.247063918371164E-002
  2.244174224638848E-002
  2.247822614155288E-002
  2.259123026056058E-002
  2.278686778187566E-002
  2.313203288605317E-002
  2.356485778947594E-002
  2.389890463083718E-002
  0.202700164946066     
  0.736289099039925     
  0.900918035507686     
  0.891608737125708     
  0.666036330587080     
  2.303160623810314E-002
  2.272526876426291E-002
  2.258843370767468E-002
  2.255175181371324E-002
  2.255853359939200E-002
  2.264911890240142E-002
  2.274872559370276E-002
  2.267156599874885E-002
  2.245525934888067E-002
  2.291007563771993E-002
  2.282775670116499E-002
  2.280042999555247E-002
  2.282429221840949E-002
  2.293880543461056E-002
  2.370633446138324E-002
  0.259983719139537     
  0.269528525509625     
  2.464593650995458E-002
  2.304898446308580E-002
  2.292247285821400E-002
  2.319589719970450E-002
  2.376400547839634E-002
  2.410306103696157E-002
  2.426755335483784E-002
  2.431449923963091E-002
  2.390505222867248E-002
  2.315559414929078E-002
  2.292993781551373E-002
  2.287143101556069E-002
  2.275194824136427E-002
  2.257252819834994E-002
  2.244881637396758E-002
  2.245471353508858E-002
  2.258277128787660E-002
  0.565775778763447     
  0.843234151455606     
  0.946521986028214     
  0.969537275312806     
  0.981807983890027     
  0.964211162100475     
  0.931644986343340     
  0.650438526290946     
  2.322368307526124E-002
  2.301728390482678E-002
  0.291968967228908     
  0.222951791071792     
  2.329186577478532E-002
  2.342675614777201E-002
  2.450130858959934E-002
  2.321417590088037E-002
  2.272939236188046E-002
  2.258182672247324E-002
  2.248845484962574E-002
  2.245159916888443E-002
  2.248356448482759E-002
  2.260607894360381E-002
  2.281545466803031E-002
  2.315433795541443E-002
  2.347929038499476E-002
  2.356200999269196E-002
  0.643649225977971     
  0.874393087906182     
  0.878401543603481     
  0.681024644281219     
  2.293824496581414E-002
  2.296668124232221E-002
  2.309294324878918E-002
  2.316677411242538E-002
  2.329341145604369E-002
  2.303614562199155E-002
  2.272692006733195E-002
  2.245750894274456E-002
  2.274746332517053E-002
  2.298493274895587E-002
  2.322818654533116E-002
  2.328536363410014E-002
  2.354575543695382E-002
  0.350313361230840     
  0.382192255676574     
  0.275973759150096     
  2.325363494934168E-002
  2.300118612246482E-002
  2.309529232440864E-002
  2.377883810150647E-002
  0.184699147560845     
  0.219417932933695     
  0.238720009257217     
  0.242072361670492     
  0.166019528293199     
  2.341066837427301E-002
  2.374758404130915E-002
  2.434819621848702E-002
  2.478261778380221E-002
  2.321713285906981E-002
  2.267479763067567E-002
  2.251710737759587E-002
  2.246073429991557E-002
  2.246588272867239E-002
  2.261246805273672E-002
  0.429686897337099     
  0.742064420965972     
  0.940351729767412     
  0.963861619102740     
  0.976309812223556     
  0.955891550101609     
  0.931853730531519     
  0.780406909431703     
  0.550129630905050     
  2.323001875386764E-002
  2.281227191707948E-002
  0.300485038824818     
  0.232383061843291     
  2.333435441652184E-002
  2.313784679990305E-002
  2.309632788569167E-002
  2.288110947016641E-002
  2.268891024630864E-002
  2.252817962505907E-002
  2.247369307508286E-002
  2.251084834583355E-002
  2.264155878821825E-002
  2.282363059867888E-002
  2.305064120518549E-002
  2.325098767390081E-002
  0.582279365426060     
  0.817863341647837     
  0.844041000994789     
  0.711299833910508     
  0.367780854577314     
  0.266966486713407     
  0.229795957389162     
  0.190891825733157     
  2.404010243460532E-002
  2.307779308326622E-002
  2.251657077344757E-002
  0.794661894549922     
  0.842351974602968     
  0.823616904915525     
  0.794963500134087     
  0.762708302490828     
  0.662668995800864     
  0.482478600449281     
  2.296361849769444E-002
  2.297960058187890E-002
  2.320925392453924E-002
  2.357889999617210E-002
  0.214925816669497     
  0.301583487924643     
  0.339773209440154     
  0.337292105176385     
  0.276499163559753     
  2.417699527447863E-002
  4.271473253497581E-002
  0.255802624052051     
  0.304493679149263     
  0.221037670182675     
  2.333487993403126E-002
  2.298253538440722E-002
  2.289522686627253E-002
  2.278643999841480E-002
  2.264137209399629E-002
  2.252813220097097E-002
  2.259237375971941E-002
  2.276143047512774E-002
  2.264791287521460E-002
  0.631569936612724     
  0.880583127548621     
  0.938586513842680     
  0.958963329160609     
  0.931749883714097     
  0.901905668435851     
  0.872752617884644     
  0.728936350075525     
  0.526393341395964     
  2.344173254700554E-002
  2.334650617008525E-002
  0.141739699501640     
  2.449400982458210E-002
  2.467375295499124E-002
  2.354152717794079E-002
  2.295093410008341E-002
  2.270245613527378E-002
  2.252013394135497E-002
  2.247272530206404E-002
  2.255029332657723E-002
  2.275115863897725E-002
  2.329765120171413E-002
  0.298506064771250     
  0.456461433448144     
  0.708787243629916     
  0.770295952370314     
  0.628966913922485     
  0.407846627105612     
  0.302262918281445     
  0.235995125994293     
  0.177329636105586     
  2.346989119167130E-002
  2.253640462242506E-002
  0.954349314231335     
  0.969091128613589     
  0.964834836627412     
  0.959223384167184     
  0.951219761946287     
  0.930743801907286     
  0.921973034052899     
  0.936559448300998     
  0.916277439443759     
  0.901190486825859     
  0.888316577413428     
  0.869775997960659     
  0.837769762034866     
  0.796714202572558     
  0.752563541392134     
  0.715229336558846     
  0.702827239007040     
  0.669579476730414     
  0.592898025364393     
  0.450695758422047     
  2.338617740008663E-002
  2.332339852475575E-002
  2.353126680195887E-002
  2.414460958234651E-002
  2.478547822070989E-002
  2.358993973632622E-002
  2.290932766159448E-002
  2.264102808479871E-002
  2.258860189975210E-002
  2.266260651437168E-002
  2.295386236159248E-002
  2.312776656734622E-002
  0.525956377472829     
  0.721973149007878     
  0.821956728476904     
  0.879294464731825     
  0.903727806895278     
  0.850279399451012     
  0.820822313477095     
  0.819893277299862     
  0.667913012469174     
  0.541801515615954     
  0.423363818321705     
  0.285561018922482     
  2.430807241348306E-002
  2.450630122245024E-002
  2.353955724696200E-002
  2.285787678679889E-002
  2.254073293308940E-002
  2.245612896205712E-002
  2.261049581939730E-002
  2.334530502368435E-002
  0.262172084768801     
  0.317914682754245     
  0.348972594374785     
  0.574358639831117     
  0.640023060320665     
  0.540611328280913     
  0.375135525272051     
  0.262668427568529     
  0.191672175658130     
  2.349829047117319E-002
  2.252030003623197E-002
  0.959382986187702     
  0.972788701799827     
  0.970541381541022     
  0.968757274073736     
  0.967512539205613     
  0.967597827589637     
  0.971491118639762     
  0.977399756337229     
  0.974249166861368     
  0.970103168822095     
  0.964744148005571     
  0.955154288490593     
  0.936491707626912     
  0.908778364594277     
  0.877580124919894     
  0.851063135651020     
  0.837140907975992     
  0.810355817272217     
  0.769476258336787     
  0.758634151912665     
  0.794949011789438     
  0.666034156268768     
  0.542464656223345     
  0.422657179620740     
  0.292729209309384     
  2.563508509485262E-002
  2.377374514703136E-002
  2.307851869940684E-002
  2.273542362165966E-002
  2.259593857032609E-002
  2.262654070607238E-002
  2.300152359977311E-002
  0.173122398104941     
  0.233010341285633     
  0.280420576145059     
  0.382012683378109     
  0.565575536124394     
  0.683729959782324     
  0.770096590245852     
  0.827211048644757     
  0.738905027375823     
  0.660608504040439     
  0.608039578474071     
  0.512429275326155     
  0.414496092107986     
  0.285062246715265     
  2.540942675041739E-002
  2.358747003783226E-002
  2.285824901532430E-002
  2.249763551598214E-002
  2.252476851491354E-002
  2.329142752223511E-002
  0.238562276106164     
  0.270765295564457     
  0.249494908682907     
  0.261778759009502     
  0.444282763840013     
  0.506568303258455     
  0.440828087053835     
  0.314127203936340     
  0.195351543315629     
  2.355777116964678E-002
  2.252216713855145E-002
  0.824682954777697     
  0.874321045940821     
  0.868234726565663     
  0.863737977382463     
  0.864169081408229     
  0.873379033888058     
  0.889703035347153     
  0.904523163109559     
  0.902283724529813     
  0.891595883475062     
  0.874848966615583     
  0.850720681694471     
  0.820065095697468     
  0.788632306267385     
  0.761584538965150     
  0.740851899603378     
  0.725108811818503     
  0.710637039900285     
  0.703659490182853     
  0.727594000489081     
  0.796395761056394     
  0.707194881383648     
  0.620355298204773     
  0.563631657435751     
  0.454662265315223     
  0.318584466947358     
  2.570488283031026E-002
  2.395876506926651E-002
  2.320065669076878E-002
  2.279621806403104E-002
  2.262230709970564E-002
  2.274822066912968E-002
  2.344926679275904E-002
  0.162224120565384     
  0.195781678581055     
  0.197515454250780     
  0.189392188887876     
  0.177088507297596     
  0.195477882323412     
  0.369579961860237     
  0.507724158188705     
  0.559481484985597     
  0.582205819007706     
  0.555031443636347     
  0.512058139027830     
  0.404449439629135     
  0.286693684198774     
  2.533746478137291E-002
  2.365985487738561E-002
  2.269622304327445E-002
  2.251632593376452E-002
  2.323225834278428E-002
  0.193543946863233     
  0.206987016960783     
  0.183105237346695     
  0.175779873174922     
  0.226434571975394     
  0.332298126897035     
  0.385279629701734     
  0.345255991990650     
  0.243602337836140     
  2.373318580896976E-002
  2.256599498224772E-002
  2.282888801360265E-002
  2.312212472946714E-002
  2.347207997971371E-002
  2.374942261953979E-002
  2.394340280372166E-002
  2.407226562828560E-002
  2.415485018440912E-002
  2.420442155812508E-002
  2.423090043526219E-002
  2.424433986876795E-002
  2.425267501415810E-002
  2.425874057821611E-002
  2.426245275235183E-002
  2.425841036148787E-002
  2.423848918924400E-002
  2.419204184683432E-002
  2.410727526896518E-002
  2.395416388453879E-002
  2.372164235189794E-002
  2.446830572195043E-002
  0.163908000853571     
  0.380548577355433     
  0.465505479697352     
  0.522112084460375     
  0.499849958668207     
  0.451639879499787     
  0.334372674499955     
  2.612300119563866E-002
  2.412009995236876E-002
  2.337777200772482E-002
  2.282620677173042E-002
  2.268122100122728E-002
  2.293924151151070E-002
  2.351120537724242E-002
  2.394379674187727E-002
  2.410011390950051E-002
  2.400088496032114E-002
  2.373631992372598E-002
  2.364655876225731E-002
  0.141178745426309     
  0.171402351217613     
  0.177666391303311     
  0.224291107370507     
  0.346445282469747     
  0.435602206761320     
  0.423245247028812     
  0.368683384653258     
  0.256344646098738     
  2.503478589176534E-002
  2.302597718049774E-002
  2.260977977824552E-002
  2.288983306696785E-002
  2.364686291499397E-002
  2.387897900694045E-002
  2.379324970762379E-002
  2.385246369606734E-002
  0.158477801303974     
  0.188516841188443     
  0.227634484353820     
  0.274381114680565     
  0.243735302579859     
  2.426330576082789E-002
  2.265157970982442E-002
  2.307341637383362E-002
  2.289728405962821E-002
  2.287986619745479E-002
  2.291980932745823E-002
  2.296164033483911E-002
  2.299343955357456E-002
  2.301479593347053E-002
  2.302795183619619E-002
  2.303543072773409E-002
  2.303952978595743E-002
  2.304182485566320E-002
  2.304290636437379E-002
  2.304234544117209E-002
  2.303866014566305E-002
  2.302950533897008E-002
  2.301187949352125E-002
  2.298246724144686E-002
  2.293914834592861E-002
  2.289122195042267E-002
  2.291335474389281E-002
  2.307285370005801E-002
  2.315749559365444E-002
  2.313845389455852E-002
  2.322838089216651E-002
  0.299852573488041     
  0.406883971089934     
  0.390412580749294     
  0.302770068086117     
  2.637693687486889E-002
  2.510784242268383E-002
  2.329940992523264E-002
  2.275711090168497E-002
  2.266459969868896E-002
  2.276834013016594E-002
  2.289282674089339E-002
  2.295365188731900E-002
  2.295042678977973E-002
  2.292545195794045E-002
  2.297986993372975E-002
  2.313611338743571E-002
  2.318848159917207E-002
  2.316081630417683E-002
  2.311746424325832E-002
  2.307500455869289E-002
  2.326416223387261E-002
  0.245440117466726     
  0.315008340238649     
  0.277696813369189     
  2.548699630470735E-002
  2.329160940592365E-002
  2.269470704766465E-002
  2.260742182506100E-002
  2.274468395302112E-002
  2.287299721763397E-002
  2.294254167565115E-002
  2.308623347007508E-002
  2.333876987173842E-002
  2.346339611409297E-002
  2.359104088803486E-002
  2.384894800037631E-002
  2.441302995339702E-002
  2.343986372317577E-002
  2.264961011797396E-002
  2.325283187147709E-002
  2.277147975530631E-002
  2.261395785495744E-002
  2.255281503239445E-002
  2.252688792403501E-002
  2.251526769301836E-002
  2.250972978145305E-002
  2.250687213680047E-002
  2.250521033870639E-002
  2.250410696442937E-002
  2.250329220988057E-002
  2.250259839362102E-002
  2.250180485637802E-002
  2.250051954004713E-002
  2.249812553394114E-002
  2.249381552691322E-002
  2.248681939147281E-002
  2.247718310406451E-002
  2.246796068461728E-002
  2.246847400955838E-002
  2.247975930546851E-002
  2.248583660160496E-002
  2.248354117735564E-002
  2.248046918204842E-002
  2.251706056144189E-002
  2.293190711495008E-002
  0.258236177091853     
  0.304812954995339     
  0.296547218727912     
  2.970048744403266E-002
  2.377900400620207E-002
  2.285699528354517E-002
  2.256201350867174E-002
  2.248342348483058E-002
  2.247240190272959E-002
  2.247257476137256E-002
  2.247090536452230E-002
  2.246977684771170E-002
  2.247756292195310E-002
  2.248850866301750E-002
  2.249047475227447E-002
  2.248957476693397E-002
  2.248831064630825E-002
  2.248585221513057E-002
  2.248686940101353E-002
  2.252777948086561E-002
  2.293046261322575E-002
  0.168093596545477     
  2.472512088083747E-002
  2.331756294528613E-002
  2.270605850923059E-002
  2.248624814314290E-002
  2.245040958772922E-002
  2.246388468057212E-002
  2.248157964159794E-002
  2.250308895878455E-002
  2.251295641184510E-002
  2.251234278262167E-002
  2.253404434767466E-002
  2.260009191094455E-002
  2.269478841261088E-002
  2.267621708720071E-002
  2.248260171302241E-002
